  0.000000000000000E+000  -1.83958801769759      -7.764563749229978E-019
  7.812500000000000E-003  -1.84053138978271      -6.489412294821064E-003
  1.562500000000000E-002  -1.84324646326207      -1.330913016323602E-002
  2.343750000000000E-002  -1.84868862486339      -2.015710833524682E-002
  3.125000000000000E-002  -1.85731748048082      -2.762564345587972E-002
  3.906250000000000E-002  -1.86960301469980      -3.743937368009418E-002
  4.687500000000000E-002  -1.88910548911987      -5.091612858269928E-002
  5.468750000000000E-002  -1.92425143983612      -6.111817599353833E-002
  6.250000000000000E-002  -2.00628777638725      -9.312196188315412E-002
  7.031250000000000E-002  -1.29032639568879      -0.356408333178826     
  7.812500000000000E-002  -1.90016918467510      -0.859064344589507     
  8.593750000000000E-002  -1.24109856043550      -0.292030227577367     
  9.375000000000000E-002  -1.45416764944408      -7.559391329798655E-002
  0.101562500000000       -1.60153635246929      -1.969011776245348E-002
  0.109375000000000       -1.65597196009632      -2.471673161981171E-002
  0.117187500000000       -1.68778800478177      -3.509235754716605E-002
  0.125000000000000       -1.70840019732119      -4.282737616391090E-002
  0.132812500000000       -1.72486246416862      -5.396483468526794E-002
  0.140625000000000       -1.73701344208092      -6.947400960336853E-002
  0.148437500000000       -1.73376102955111      -8.303960483386150E-002
  0.156250000000000       -1.72585467154410      -9.120617859098136E-002
  0.164062500000000       -1.72382870131351      -7.892854484533197E-002
  0.171875000000000       -1.73224755175436      -7.760306554351670E-002
  0.179687500000000       -1.73849441617137      -7.602045331489637E-002
  0.187500000000000       -1.74805777924683      -7.801139553297694E-002
  0.195312500000000       -1.75673356440607      -8.247778733865327E-002
  0.203125000000000       -1.76085308736149      -8.770676471169925E-002
  0.210937500000000       -1.76609442627820      -8.977831527405276E-002
  0.218750000000000       -1.77446825497454      -9.438643897865535E-002
  0.226562500000000       -1.77799527751202      -9.974273682100916E-002
  0.234375000000000       -1.78035439142433      -0.101098983397792     
  0.242187500000000       -1.79057995288550      -9.907727923607222E-002
  0.250000000000000       -1.80185275596303      -0.103636605653005     
  0.257812500000000       -1.81076244457144      -0.111526650282307     
  0.265625000000000       -1.81806951677938      -0.113360652312235     
  0.273437500000000       -1.83269937446520      -0.118843469289268     
  0.281250000000000       -1.84371833037928      -0.137263479059218     
  0.289062500000000       -1.84512629531005      -0.142070350939337     
  0.296875000000000       -1.85424503302782      -0.149890618061392     
  0.304687500000000       -1.86137931245342      -0.165833449848616     
  0.312500000000000       -1.85554730001567      -0.170540222410496     
  0.320312500000000       -1.85954681221078      -0.171264694032005     
  0.328125000000000       -1.86553140160236      -0.173168290899480     
  0.335937500000000       -1.87260667221398      -0.171694124766301     
  0.343750000000000       -1.88490570796312      -0.171091826629230     
  0.351562500000000       -1.89957906250801      -0.171903119282198     
  0.359375000000000       -1.91706457851698      -0.174079905768956     
  0.367187500000000       -1.93625727587069      -0.178488321988818     
  0.375000000000000       -1.95804881284261      -0.185042510917211     
  0.382812500000000       -1.98252269806782      -0.197471659407820     
  0.390625000000000       -1.99615343847357      -0.214035008607842     
  0.398437500000000       -2.01186612361356      -0.222287079896054     
  0.406250000000000       -2.03198643626558      -0.229482081134532     
  0.414062500000000       -2.05827681312438      -0.240224485405284     
  0.421875000000000       -2.07395149134474      -0.251602668721620     
  0.429687500000000       -2.09640723963074      -0.251855220666586     
  0.437500000000000       -2.12996841240978      -0.244978824893405     
  0.445312500000000       -2.19477205389040      -0.232821156047408     
  0.453125000000000       -2.26152115100529      -0.259755309602519     
  0.460937500000000       -2.32676114198729      -0.280324668863224     
  0.468750000000000       -2.40788710099952      -0.295837621386091     
  0.476562500000000       -2.53302705303841      -0.306995634106447     
  0.484375000000000       -2.70281746291780      -0.388476799609013     
  0.492187500000000       -2.89173003745633      -0.504534763134513     
  0.500000000000000       -3.14714996561683      -0.691812456137539     
  0.507812500000000       -3.54417672752542       -1.07996765841560     
  0.515625000000000       -3.57995470006953       -2.37439759879786     
  0.523437500000000       -2.40078290544727       -2.87458714585000     
  0.531250000000000       -1.61720359139468       -2.59705621348521     
  0.539062500000000       -1.27565823312319       -2.21124035214060     
  0.546875000000000       -1.20836242612744       -1.95184910760196     
  0.554687500000000       -1.05133113142972       -1.91772273959515     
  0.562500000000000      -0.811364414563307       -1.77989838998394     
  0.570312500000000      -0.612590970260970       -1.52973703639833     
  0.578125000000000      -0.533516646214692       -1.20909165799017     
  0.585937500000000      -0.634886087458245      -0.905687436743692     
  0.593750000000000      -0.774656376903290      -0.788399454945888     
  0.601562500000000      -0.868088787245980      -0.717148865477514     
  0.609375000000000      -0.940658423071283      -0.665334926730835     
  0.617187500000000       -1.00200506281633      -0.625089489628385     
  0.625000000000000       -1.05952562471961      -0.596228881387738     
  0.632812500000000       -1.10423444974248      -0.578676940700792     
  0.640625000000000       -1.14154362365972      -0.562610819783936     
  0.648437500000000       -1.17491752898616      -0.547258755311116     
  0.656250000000000       -1.20679928755960      -0.531352410263942     
  0.664062500000000       -1.24240561002159      -0.510533498363890     
  0.671875000000000       -1.29354123908248      -0.509435430158695     
  0.679687500000000       -1.33101771976149      -0.518172279660500     
  0.687500000000000       -1.36280910776162      -0.529804173969106     
  0.695312500000000       -1.39143481447271      -0.544072993602826     
  0.703125000000000       -1.41884999954169      -0.562474371614510     
  0.710937500000000       -1.43869719236410      -0.594647907516116     
  0.718750000000000       -1.44292673472557      -0.618934309213282     
  0.726562500000000       -1.44527008127461      -0.638263400140482     
  0.734375000000000       -1.44623174573862      -0.654861405081293     
  0.742187500000000       -1.44604976852638      -0.669311777731170     
  0.750000000000000       -1.44493787360277      -0.681075852201078     
  0.757812500000000       -1.44779030288308      -0.690083663214297     
  0.765625000000000       -1.45091995034338      -0.702816583707140     
  0.773437500000000       -1.45267018346042      -0.715877922123569     
  0.781250000000000       -1.45389169764161      -0.728373609106973     
  0.789062500000000       -1.45592253761701      -0.739842594850466     
  0.796875000000000       -1.46191773537004      -0.750356134822704     
  0.804687500000000       -1.47634870071076      -0.773478427943896     
  0.812500000000000       -1.47680335046336      -0.803864342460098     
  0.820312500000000       -1.47108297825979      -0.833612795468477     
  0.828125000000000       -1.46007079751425      -0.862734079633121     
  0.835937500000000       -1.44350177728457      -0.890205644688031     
  0.843750000000000       -1.42088030426051      -0.913271609404508     
  0.851562500000000       -1.39695593565559      -0.919370210519022     
  0.859375000000000       -1.39614174681669      -0.935851262178999     
  0.867187500000000       -1.38784526176642      -0.965678512245993     
  0.875000000000000       -1.36988691900713       -1.00277496428917     
  0.882812500000000       -1.33848081766728       -1.04425200824657     
  0.890625000000000       -1.28832951213068       -1.08506394796576     
  0.898437500000000       -1.21380494116241       -1.11377733431585     
  0.906250000000000       -1.12622369955289       -1.09603450219145     
  0.914062500000000       -1.07299524628806       -1.06550084868300     
  0.921875000000000       -1.02676729909500       -1.03480425286825     
  0.929687500000000      -0.985111417677124      -0.999894183534631     
  0.937500000000000      -0.948439700575578      -0.958999871122719     
  0.945312500000000      -0.918357296288668      -0.910832394992378     
  0.953125000000000      -0.898015109541648      -0.853490615360279     
  0.960937500000000      -0.906770952113658      -0.785955615115210     
  0.968750000000000      -0.930248806974748      -0.749396135406771     
  0.976562500000000      -0.949356848126941      -0.722467095267408     
  0.984375000000000      -0.966911140824354      -0.700247895329865     
  0.992187500000000      -0.984283367234559      -0.680946411790044     
   1.00000000000000       -1.00276876759928      -0.663689222199959     
   1.00781250000000       -1.02435278005853      -0.648235443316810     
   1.01562500000000       -1.05509548204451      -0.636735958897670     
   1.02343750000000       -1.08077047615213      -0.647913982853860     
   1.03125000000000       -1.09638477852534      -0.657547344742179     
   1.03906250000000       -1.10816510669154      -0.668092973401864     
   1.04687500000000       -1.11646140809872      -0.679852037303725     
   1.05468750000000       -1.12101518233479      -0.692637678678431     
   1.06250000000000       -1.12113734571088      -0.705826283223332     
   1.07031250000000       -1.11556937780372      -0.717687118374558     
   1.07812500000000       -1.10541523162206      -0.719477776774710     
   1.08593750000000       -1.10369829262512      -0.722180177691628     
   1.09375000000000       -1.10020445063444      -0.724381025091790     
   1.10156250000000       -1.09763062392605      -0.725518148693113     
   1.10937500000000       -1.09652096529494      -0.726607632446698     
   1.11718750000000       -1.09685198328701      -0.728575687777544     
   1.12500000000000       -1.09846585145218      -0.732333059172520     
   1.13281250000000       -1.10123531024163      -0.739257919606302     
   1.14062500000000       -1.10509006962166      -0.754495123390314     
   1.14843750000000       -1.08987740884891      -0.772202906961114     
   1.15625000000000       -1.07394286010692      -0.780605752892782     
   1.16406250000000       -1.05744084117852      -0.785486260800820     
   1.17187500000000       -1.04026031210275      -0.787412168299341     
   1.17968750000000       -1.02250330430492      -0.786263373488866     
   1.18750000000000       -1.00450651399482      -0.781594242265317     
   1.19531250000000      -0.986910707104405      -0.772671288284058     
   1.20312500000000      -0.970801659308546      -0.757881021944155     
   1.21093750000000      -0.967802978933526      -0.734282707153863     
   1.21875000000000      -0.971847826708842      -0.725345491740001     
   1.22656250000000      -0.972868185496516      -0.720242209587435     
   1.23437500000000      -0.972205617402091      -0.716755023297227     
   1.24218750000000      -0.970223467317845      -0.714241055159510     
   1.25000000000000      -0.966908489138217      -0.712371851181414     
   1.25781250000000      -0.961992283685985      -0.710814711142695     
   1.26562500000000      -0.954962047695154      -0.708964652687671     
   1.27343750000000      -0.945038633547281      -0.705310809719563     
   1.28125000000000      -0.935359362358614      -0.693851913937399     
   1.28906250000000      -0.932263556903714      -0.684662524598542     
   1.29687500000000      -0.928645153177957      -0.677001338504488     
   1.30468750000000      -0.924496104434620      -0.669382987337693     
   1.31250000000000      -0.920018681677641      -0.661190694920210     
   1.32031250000000      -0.915495545702801      -0.652056820223109     
   1.32812500000000      -0.911270938066525      -0.641742690632740     
   1.33593750000000      -0.907751147185090      -0.630098374596046     
   1.34375000000000      -0.905421865250786      -0.617020578862888     
   1.35156250000000      -0.904966016263965      -0.602079063275860     
   1.35937500000000      -0.910079157562266      -0.588088723502157     
   1.36718750000000      -0.915072425927905      -0.577254394011739     
   1.37500000000000      -0.919907821067404      -0.567287788227883     
   1.38281250000000      -0.924812079681260      -0.557677577793186     
   1.39062500000000      -0.929983072498745      -0.548169924082211     
   1.39843750000000      -0.935626603052623      -0.538612802529133     
   1.40625000000000      -0.941986483767831      -0.528907782534108     
   1.41406250000000      -0.949396629568215      -0.518989692459940     
   1.42187500000000      -0.958433397152903      -0.508813478823500     
   1.42968750000000      -0.971121925441799      -0.498277052324362     
   1.43750000000000      -0.985747749234501      -0.495474734660755     
   1.44531250000000      -0.996862785417906      -0.493413028836905     
   1.45312500000000       -1.00696222078021      -0.491458164489182     
   1.46093750000000       -1.01661470080278      -0.489525522696050     
   1.46875000000000       -1.02614395618660      -0.487570703508836     
   1.47656250000000       -1.03580537186745      -0.485557854549493     
   1.48437500000000       -1.04585930732894      -0.483444580020277     
   1.49218750000000       -1.05664331618003      -0.481163724125668     
   1.50000000000000       -1.06872631481566      -0.478580241282922     
   1.50781250000000       -1.08356828210647      -0.475302064828704     
   1.51562500000000       -1.10700902963916      -0.477750312288504     
   1.52343750000000       -1.12414727741871      -0.488884691504810     
   1.53125000000000       -1.13765655270046      -0.501046785860863     
   1.53906250000000       -1.14892240070372      -0.513989460624940     
   1.54687500000000       -1.15846456058630      -0.527723345414207     
   1.55468750000000       -1.16652018022092      -0.542374240733041     
   1.56250000000000       -1.17316206075149      -0.558179782318977     
   1.57031250000000       -1.17829533975432      -0.575536729877895     
   1.57812500000000       -1.18153240459182      -0.595101882226341     
   1.58593750000000       -1.18177612575932      -0.617940437334533     
   1.59375000000000       -1.17597066263013      -0.645692000598250     
   1.60156250000000       -1.15119790007950      -0.670393614598911     
   1.60937500000000       -1.12842054488710      -0.681571042700133     
   1.61718750000000       -1.10290155766912      -0.689297183654763     
   1.62500000000000       -1.07574041324729      -0.688114931943077     
   1.63281250000000       -1.05253997791681      -0.679557766455034     
   1.64062500000000       -1.03385957868811      -0.667542423115321     
   1.64843750000000       -1.01841576127582      -0.653545971687327     
   1.65625000000000       -1.00541864743245      -0.637678592596319     
   1.66406250000000      -0.994704762855994      -0.619629130031294     
   1.67187500000000      -0.986648244031430      -0.598906739592354     
   1.67968750000000      -0.982431460520865      -0.574727890516802     
   1.68750000000000      -0.988827704130305      -0.545228217698239     
   1.69531250000000       -1.00259314625946      -0.531468153561956     
   1.70312500000000       -1.01134615855737      -0.520217182062306     
   1.71093750000000       -1.01847311395672      -0.509233797974322     
   1.71875000000000       -1.02497161924545      -0.497863761184746     
   1.72656250000000       -1.03143575840923      -0.485747258267367     
   1.73437500000000       -1.03834077974202      -0.472635955779506     
   1.74218750000000       -1.04614551417797      -0.458335520119764     
   1.75000000000000       -1.05535501397606      -0.442679496189999     
   1.75781250000000       -1.06658971936828      -0.425507260009447     
   1.76562500000000       -1.08071873205036      -0.406620261746838     
   1.77343750000000       -1.09927782867093      -0.385625623577874     
   1.78125000000000       -1.12876778500028      -0.360265594438619     
   1.78906250000000       -1.16783492724306      -0.357457924890152     
   1.79687500000000       -1.19741150870325      -0.358649793453398     
   1.80468750000000       -1.22364758461536      -0.361021833498498     
   1.81250000000000       -1.24802729675946      -0.363982461133126     
   1.82031250000000       -1.27132122966974      -0.367272049743459     
   1.82812500000000       -1.29403513762096      -0.370748619766355     
   1.83593750000000       -1.31655409948840      -0.374314147428033     
   1.84375000000000       -1.33921607481275      -0.377868104614551     
   1.85156250000000       -1.36238304895569      -0.381258097078831     
   1.85937500000000       -1.38656612016736      -0.384212556898538     
   1.86718750000000       -1.41272744623864      -0.386228770727070     
   1.87500000000000       -1.44336986282356      -0.386243520601554     
   1.88281250000000       -1.49312570210098      -0.391431949064256     
   1.89062500000000       -1.53183209995430      -0.420643596928852     
   1.89843750000000       -1.56132326074623      -0.449698570472043     
   1.90625000000000       -1.58658124157600      -0.478458749557492     
   1.91406250000000       -1.60923888721099      -0.507189576915823     
   1.92187500000000       -1.63009301631069      -0.536153894955789     
   1.92968750000000       -1.64961738496586      -0.565606775295714     
   1.93750000000000       -1.66813340111575      -0.595827230949458     
   1.94531250000000       -1.68587869678328      -0.627159292625809     
   1.95312500000000       -1.70303548842207      -0.660072738413244     
   1.96093750000000       -1.71973455970990      -0.695276993045299     
   1.96875000000000       -1.73602225361764      -0.733990842259010     
   1.97656250000000       -1.75168244070550      -0.778827013087686     
   1.98437500000000       -1.76296456851141      -0.842483637410485     
   1.99218750000000       -1.73695673461723      -0.892315048591358     
   2.00000000000000       -1.71728218785506      -0.927464766864232     
   2.00781250000000       -1.69972873343920      -0.957497232606719     
   2.01562500000000       -1.68335485363576      -0.984362460845884     
   2.02343750000000       -1.66771754454033       -1.00892497588454     
   2.03125000000000       -1.65256028596156       -1.03165306280477     
   2.03906250000000       -1.63771854731959       -1.05282105389079     
   2.04687500000000       -1.62308189901476       -1.07258827768900     
   2.05468750000000       -1.60857728265011       -1.09103275169490     
   2.06250000000000       -1.59416306646231       -1.10816193289506     
   2.07031250000000       -1.57983201324904       -1.12390407691106     
   2.07812500000000       -1.56562916466248       -1.13806582296909     
   2.08593750000000       -1.55171959636650       -1.15017375106959     
   2.09375000000000       -1.53937872089217       -1.15786464433338     
   2.10156250000000       -1.53415059880564       -1.16860428427432     
   2.10937500000000       -1.52759716856389       -1.18179991980976     
   2.11718750000000       -1.52048526584211       -1.19567965769899     
   2.12500000000000       -1.51299790687388       -1.20986374363041     
   2.13281250000000       -1.50522201941268       -1.22419230513032     
   2.14062500000000       -1.49720929539231       -1.23858646374129     
   2.14843750000000       -1.48899543720182       -1.25300731412136     
   2.15625000000000       -1.48060846112690       -1.26744054972833     
   2.16406250000000       -1.47207310370317       -1.28189097959176     
   2.17187500000000       -1.46341368374800       -1.29638268134555     
   2.17968750000000       -1.45465650432602       -1.31096478644437     
   2.18750000000000       -1.44583265086095       -1.32572735362079     
   2.19531250000000       -1.43698269797597       -1.34084531657155     
   2.20312500000000       -1.42816899066067       -1.35675171543003     
   2.21093750000000       -1.41778927581093       -1.37529167083064     
   2.21875000000000       -1.40417252473054       -1.39179208666310     
   2.22656250000000       -1.39029735314842       -1.40701921040556     
   2.23437500000000       -1.37614483589408       -1.42150538281409     
   2.24218750000000       -1.36169923911975       -1.43541860382480     
   2.25000000000000       -1.34694698088044       -1.44883534789953     
   2.25781250000000       -1.33187624993808       -1.46179429176363     
   2.26562500000000       -1.31647709102745       -1.47431501604964     
   2.27343750000000       -1.30074180957090       -1.48640686416715     
   2.28125000000000       -1.28466567316969       -1.49807468956091     
   2.28906250000000       -1.26824795333536       -1.50932438331058     
   2.29687500000000       -1.25149341457389       -1.52017065659598     
   2.30468750000000       -1.23441447249767       -1.53065148034549     
   2.31250000000000       -1.21703454019108       -1.54086165098008     
   2.32031250000000       -1.19939406227448       -1.55105874639287     
   2.32812500000000       -1.18156185276795       -1.56246565492246     
   2.33593750000000       -1.15827434908048       -1.57378892405530     
   2.34375000000000       -1.13428265206023       -1.58146791835524     
   2.35156250000000       -1.10981460209410       -1.58708640773722     
   2.35937500000000       -1.08487085641019       -1.59077805028711     
   2.36718750000000       -1.05948003753017       -1.59248556232124     
   2.37500000000000       -1.03369586674421       -1.59206368777324     
   2.38281250000000       -1.00760086085741       -1.58930400100531     
   2.39062500000000      -0.981313592030824       -1.58393879719326     
   2.39843750000000      -0.954999710077139       -1.57563491104777     
   2.40625000000000      -0.928888306470789       -1.56397859869051     
   2.41406250000000      -0.903297068554929       -1.54844759949783     
   2.42187500000000      -0.878673716412462       -1.52835918398841     
   2.42968750000000      -0.855671940492919       -1.50276468016192     
   2.43750000000000      -0.835315010196038       -1.47020033188569     
   2.44531250000000      -0.819457138072865       -1.42792318817056     
   2.45312500000000      -0.813236602462312       -1.36746666402507     
   2.46093750000000      -0.864181351586127       -1.30919482209163     
   2.46875000000000      -0.911084977563991       -1.29244025961034     
   2.47656250000000      -0.950954600822679       -1.28698398398326     
   2.48437500000000      -0.986432839545270       -1.28820873505345     
   2.49218750000000       -1.01878083068696       -1.29420768927185     
   2.50000000000000       -1.04876680143631       -1.30399642923405     
   2.53125000000000       -1.15402029419309       -1.37348444010050     
   2.56250000000000       -1.24983552905500       -1.49465151198861     
   2.59375000000000       -1.30884357548010       -1.76578710136473     
   2.62500000000000       -1.13778184076035       -1.98785927271984     
   2.65625000000000      -0.918990193234650       -2.12095475401744     
   2.68750000000000      -0.653953278546105       -2.16127625242211     
   2.71875000000000      -0.375120286790941       -2.04009604358232     
   2.75000000000000      -0.380967317329224       -1.81118197353102     
   2.78125000000000      -0.419332699760305       -1.76710719366078     
   2.81250000000000      -0.439771460876106       -1.77290328086050     
   2.84375000000000      -0.448035056756937       -1.81999828179140     
   2.87500000000000      -0.425732910768476       -1.96358079046085     
   2.90625000000000      -0.208292088845879       -2.04411363291727     
   2.93750000000000       9.523235767858317E-003  -2.01655099144006     
   2.96875000000000       0.214827610110154       -1.90111357504090     
   3.00000000000000       0.371535369859080       -1.68718359258620     
   3.03125000000000       0.337919902397420       -1.34981175796335     
   3.06250000000000       0.158547787033863       -1.27738549574728     
   3.09375000000000       5.895553269535709E-002  -1.27089368344658     
   3.12500000000000      -5.757222814252449E-003  -1.29278067688855     
   3.15625000000000      -4.463463321814699E-002  -1.33930010991570     
   3.18750000000000      -4.607291065670852E-002  -1.43198423592549     
   3.21875000000000       6.425683324972611E-002  -1.46263941558178     
   3.25000000000000       0.143950823680413       -1.44050659942870     
   3.28125000000000       0.209642472465909       -1.39732300583429     
   3.31250000000000       0.261589537080988       -1.33741690038360     
   3.34375000000000       0.294729768619054       -1.26049109411873     
   3.37500000000000       0.278094094775974       -1.18660717705075     
   3.40625000000000       0.265756363593852       -1.14933056267625     
   3.43750000000000       0.259505656204653       -1.11657124087996     
   3.46875000000000       0.254851093191998       -1.08500727389707     
   3.50000000000000       0.249385781674603       -1.05307225956578     
   3.53125000000000       0.239275910344664       -1.01843946590777     
   3.56250000000000       0.215682944318997      -0.996293822284802     
   3.59375000000000       0.200427539442236      -0.983546842273077     
   3.62500000000000       0.188917835520256      -0.973409633499561     
   3.65625000000000       0.179878854089057      -0.965031097169799     
   3.68750000000000       0.172714533922846      -0.958065697223626     
   3.71875000000000       0.167144231119498      -0.952540481033527     
   3.75000000000000       0.164182642145647      -0.947738961759649     
   3.78125000000000       0.162204670510831      -0.942640102567306     
   3.81250000000000       0.160937432175701      -0.937681825681531     
   3.84375000000000       0.160192856911134      -0.932866438714844     
   3.87500000000000       0.159707346909740      -0.928110657592812     
   3.90625000000000       0.158851220072568      -0.923105467099257     
   3.93750000000000       0.154448158204912      -0.920506621778596     
   3.96875000000000       0.153041008343215      -0.922736693874091     
   4.00000000000000       0.154298128205195      -0.926574635089593     
   4.03125000000000       0.158071369993410      -0.931975364497589     
   4.06250000000000       0.164826390768790      -0.939281475357651     
   4.09375000000000       0.175978496162643      -0.949454873245449     
   4.12500000000000       0.199567733959709      -0.967390386891504     
   4.15625000000000       0.239798436139211      -0.956811919927523     
   4.18750000000000       0.267445209405161      -0.937427588508486     
   4.21875000000000       0.289010668501854      -0.913826272403086     
   4.25000000000000       0.305410190268944      -0.886945274352891     
   4.28125000000000       0.316459011063712      -0.857066722768313     
   4.31250000000000       0.320811042249971      -0.823925892320100     
   4.34375000000000       0.308863751590862      -0.786378982482271     
   4.37500000000000       0.289902627141652      -0.774148880280837     
   4.40625000000000       0.279121062760053      -0.765705738632600     
   4.43750000000000       0.271371055966973      -0.758670983586151     
   4.46875000000000       0.265291529556350      -0.752432837475330     
   4.50000000000000       0.260163604435761      -0.746687916541928     
   4.53125000000000       0.255397572783093      -0.741215917099834     
   4.56250000000000       0.249903313220440      -0.735665888019503     
   4.59375000000000       0.242308119983601      -0.734454077152104     
   4.62500000000000       0.238222266739014      -0.735403639153127     
   4.65625000000000       0.235888128987163      -0.736940674928637     
   4.68750000000000       0.234896207672400      -0.738964100671709     
   4.71875000000000       0.235082836247403      -0.741454415799538     
   4.75000000000000       0.236400998415967      -0.744438203475528     
   4.78125000000000       0.238926371755826      -0.748003472555592     
   4.81250000000000       0.243462162663853      -0.752203729841936     
   4.84375000000000       0.249178467036887      -0.755273163364610     
   4.87500000000000       0.255476125601087      -0.758578817571628     
   4.90625000000000       0.262753727705624      -0.762333677197743     
   4.93750000000000       0.271315434813366      -0.766701062960613     
   4.96875000000000       0.281580815867214      -0.771902076069271     
   5.00000000000000       0.294280526103659      -0.778315467573261     
   5.03125000000000       0.311085751815224      -0.786796199840268     
   5.06250000000000       0.343065442837040      -0.797324143662944     
   5.09375000000000       0.377228850286102      -0.783967895084256     
   5.12500000000000       0.403278434145131      -0.765934942731951     
   5.15625000000000       0.424818642034608      -0.745252589454284     
   5.18750000000000       0.442761446750316      -0.722559360446959     
   5.21875000000000       0.457410097445107      -0.698184676603214     
   5.25000000000000       0.468751215140776      -0.672317974423385     
   5.28125000000000       0.476421510238449      -0.645031404098280     
   5.31250000000000       0.478937359626733      -0.616075377623723     
   5.34375000000000       0.473488699014198      -0.593382557382448     
   5.37500000000000       0.471206277692577      -0.574222750894705     
   5.40625000000000       0.469037879913307      -0.555142426242104     
   5.43750000000000       0.466132011567943      -0.535910439072250     
   5.46875000000000       0.461965114379132      -0.516413526191939     
   5.50000000000000       0.456008658844529      -0.496555127038046     
   5.53125000000000       0.447510779827085      -0.476200652062093     
   5.56250000000000       0.434998575299182      -0.455065487760615     
   5.59375000000000       0.412599361328104      -0.431869305607523     
   5.62500000000000       0.381267933496833      -0.433557383592789     
   5.65625000000000       0.363802282511983      -0.440011217062683     
   5.68750000000000       0.351787253791996      -0.447692299366826     
   5.71875000000000       0.343697934153469      -0.456297615026972     
   5.75000000000000       0.338999240220536      -0.465758788536934     
   5.78125000000000       0.337628505694914      -0.476128914434904     
   5.81250000000000       0.339958729585155      -0.487588860801549     
   5.84375000000000       0.347123054881078      -0.500561747239069     
   5.87500000000000       0.362998441632338      -0.516357116649257     
   5.90625000000000       0.399690931127409      -0.515429668704731     
   5.93750000000000       0.421990363369252      -0.498131296572753     
   5.96875000000000       0.437369454578211      -0.478412637294781     
   6.00000000000000       0.448093302513391      -0.457148207353435     
   6.03125000000000       0.454935440661474      -0.434722689502591     
   6.06250000000000       0.458138630642169      -0.411355292811250     
   6.09375000000000       0.457604750645907      -0.387177789265478     
   6.12500000000000       0.452842175492689      -0.362248009257169     
   6.15625000000000       0.442535845653256      -0.336497595102398     
   6.18750000000000       0.420960422089392      -0.309172377944321     
   6.21875000000000       0.390438456366423      -0.307105279805199     
   6.25000000000000       0.373257354669302      -0.309099841022267     
   6.28125000000000       0.360616795224600      -0.311817369722742     
   6.31250000000000       0.350880145325709      -0.314996372688491     
   6.34375000000000       0.343352024270865      -0.318532739031425     
   6.37500000000000       0.337696133472705      -0.322382616892800     
   6.40625000000000       0.333780706050363      -0.326537808274554     
   6.43750000000000       0.331653442425132      -0.331023902832831     
   6.46875000000000       0.331641395693176      -0.335922914020718     
   6.50000000000000       0.335044840537972      -0.341517776627603     
   6.53125000000000       0.344609146017641      -0.340802113932803     
   6.56250000000000       0.349467716882845      -0.336028741226971     
   6.59375000000000       0.352660008814102      -0.330901977129734     
   6.62500000000000       0.354941521275565      -0.325583756741168     
   6.65625000000000       0.356620593889002      -0.320142392577318     
   6.68750000000000       0.357864603390429      -0.314616272139568     
   6.71875000000000       0.358781431915229      -0.309031031906165     
   6.75000000000000       0.359453832721163      -0.303406873570771     
   6.78125000000000       0.359963495098497      -0.297763688965158     
   6.81250000000000       0.360431556841864      -0.292129583097802     
   6.84375000000000       0.361308587901584      -0.286601448964962     
   6.87500000000000       0.362355755409544      -0.279300140882962     
   6.90625000000000       0.362223633695712      -0.271723192839867     
   6.93750000000000       0.361421860251581      -0.264033860444740     
   6.96875000000000       0.360029498859234      -0.256259523943375     
   7.00000000000000       0.358058888061585      -0.248413804793013     
   7.03125000000000       0.355486354405990      -0.240504139488664     
   7.06250000000000       0.352254544714234      -0.232533549853475     
   7.09375000000000       0.348260263878079      -0.224500234606639     
   7.12500000000000       0.343318562774156      -0.216394604199187     
   7.15625000000000       0.337051644918824      -0.208188836448226     
   7.18750000000000       0.328293227497450      -0.199777251345269     
   7.21875000000000       0.315272856596573      -0.197241734679964     
   7.25000000000000       0.306958565480958      -0.197813494735212     
   7.28125000000000       0.300429868745854      -0.198563049866302     
   7.31250000000000       0.295000519893004      -0.199420126557669     
   7.34375000000000       0.290387081921104      -0.200356811539162     
   7.37500000000000       0.286440041629291      -0.201359189902052     
   7.40625000000000       0.283074624016564      -0.202420154302027     
   7.43750000000000       0.280246503835924      -0.203536972550799     
   7.46875000000000       0.277945026162358      -0.204710763130727     
   7.50000000000000       0.276200629556850      -0.205947651342502     
   7.53125000000000       0.275125320308629      -0.207264071296534     
   7.56250000000000       0.275205248587061      -0.208723734941681     
   7.59375000000000       0.276474772038919      -0.207893665368684     
   7.62500000000000       0.276500096577730      -0.206543342094088     
   7.65625000000000       0.276198762328360      -0.205150218577688     
   7.68750000000000       0.275741593730409      -0.203736745474731     
   7.71875000000000       0.275202403064871      -0.202312991468778     
   7.75000000000000       0.274622014614677      -0.200884780363459     
   7.78125000000000       0.274026703572370      -0.199456073618057     
   7.81250000000000       0.273435912659977      -0.198029994960859     
   7.84375000000000       0.272866676554506      -0.196609450508595     
   7.87500000000000       0.272337667728666      -0.195197742925591     
   7.90625000000000       0.271876316040633      -0.193799710405123     
   7.93750000000000       0.271545047558185      -0.192425939343838     
   7.96875000000000       0.271596364748930      -0.190824728247199     
   8.00000000000000       0.271373021024038      -0.188815861703496     
   8.03125000000000       0.270981512309615      -0.186781145067247     
   8.06250000000000       0.270488170566802      -0.184731984589944     
   8.09375000000000       0.269914959618003      -0.182672649752877     
   8.12500000000000       0.269270526212162      -0.180605306219523     
   8.15625000000000       0.268556556292697      -0.178531107182456     
   8.18750000000000       0.267769409354390      -0.176450543297168     
   8.21875000000000       0.266899774337691      -0.174363520698727     
   8.25000000000000       0.265930447337983      -0.172269243428146     
   8.28125000000000       0.264830541636391      -0.170165787759031     
   8.31250000000000       0.263539235123310      -0.168048813598078     
   8.34375000000000       0.261898632824140      -0.165906057577135     
   8.37500000000000       0.259227230292952      -0.164423881591093     
   8.40625000000000       0.257419817806251      -0.164145242133035     
   8.43750000000000       0.256155745165924      -0.163910857596652     
   8.46875000000000       0.255227165310390      -0.163703806454391     
   8.50000000000000       0.254566859635993      -0.163519004197828     
   8.53125000000000       0.254147219646451      -0.163354690450685     
   8.56250000000000       0.253959955060874      -0.163210753663041     
   8.59375000000000       0.254010186765244      -0.163088271948062     
   8.62500000000000       0.254315753654116      -0.162989505485547     
   8.65625000000000       0.254910224961799      -0.162918230501767     
   8.68750000000000       0.255851254697115      -0.162880591349657     
   8.71875000000000       0.257241314387430      -0.162887173188719     
   8.75000000000000       0.259289838144663      -0.162959165349467     
   8.78125000000000       0.262640533667262      -0.163160643927779     
   8.81250000000000       0.268326517118071      -0.160158433897410     
   8.84375000000000       0.271349110157357      -0.155382860933947     
   8.87500000000000       0.273298862915174      -0.150493288140798     
   8.90625000000000       0.274546542814473      -0.145531816068824     
   8.93750000000000       0.275239077050279      -0.140517293398028     
   8.96875000000000       0.275448747724297      -0.135460758714628     
   9.00000000000000       0.275211090282713      -0.130369526864576     
   9.03125000000000       0.274538153594119      -0.125248748143744     
   9.06250000000000       0.273422768736074      -0.120102086397825     
   9.09375000000000       0.271837558248689      -0.114931967809721     
   9.12500000000000       0.269728219324330      -0.109739492325684     
   9.15625000000000       0.266995873500371      -0.104523832511893     
   9.18750000000000       0.263448290596237      -9.928024871764696E-002
   9.21875000000000       0.258608658462626      -9.399161970759021E-002
   9.25000000000000       0.250194635405749      -9.047747208617618E-002
   9.28125000000000       0.244205834995660      -9.134077332686902E-002
   9.31250000000000       0.239911622092105      -9.228000288599053E-002
   9.34375000000000       0.236503769929404      -9.325780980492425E-002
   9.37500000000000       0.233716623043222      -9.426290996878826E-002
   9.40625000000000       0.231419735399535      -9.529037876802597E-002
   9.43750000000000       0.229539763457153      -9.633796632887472E-002
   9.46875000000000       0.228034252854758      -9.740490247603333E-002
   9.50000000000000       0.226880899898870      -9.849144319869071E-002
   9.53125000000000       0.226073266534660      -9.959873762665690E-002
   9.56250000000000       0.225620352684004      -0.100728909990726     
   9.59375000000000       0.225550050958802      -0.101885395631853     
   9.62500000000000       0.225919400803954      -0.103073765757058     
   9.65625000000000       0.226843093802884      -0.104303895825375     
   9.68750000000000       0.228599573038692      -0.105597821085494     
   9.71875000000000       0.232719546710689      -0.106229708664127     
   9.75000000000000       0.235771735813236      -0.103566245312687     
   9.78125000000000       0.237632298193592      -0.100811295977920     
   9.81250000000000       0.238929495136370      -9.801239865216596E-002
   9.84375000000000       0.239851851222698      -9.518462609821848E-002
   9.87500000000000       0.240491167874302      -9.233571654284796E-002
   9.90625000000000       0.240900539378695      -8.947042351795056E-002
   9.93750000000000       0.241113357420232      -8.659197133276610E-002
   9.96875000000000       0.241151328594305      -8.370268649273996E-002
   10.0000000000000       0.241028283752415      -8.080431358763170E-002
   11.0000000000000       0.219116621593105       0.000000000000000E+000
   12.0000000000000       0.200856903127013       0.000000000000000E+000
   13.0000000000000       0.185406372117242       0.000000000000000E+000
   14.0000000000000       0.172163059823154       0.000000000000000E+000
   15.0000000000000       0.160685522501610       0.000000000000000E+000
   16.0000000000000       0.150642677345259       0.000000000000000E+000
   17.0000000000000       0.141781343383774       0.000000000000000E+000
   18.0000000000000       0.133904602084675       0.000000000000000E+000
   19.0000000000000       0.126856991448639       0.000000000000000E+000
   20.0000000000000       0.120514141876208       0.000000000000000E+000
   21.0000000000000       0.114775373215436       0.000000000000000E+000
   22.0000000000000       0.109558310796552       0.000000000000000E+000
   23.0000000000000       0.104794905979311       0.000000000000000E+000
   24.0000000000000       0.100428451563506       0.000000000000000E+000
   25.0000000000000       9.641131350096600E-002  0.000000000000000E+000
   26.0000000000000       9.270318605862116E-002  0.000000000000000E+000
   27.0000000000000       8.926973472311667E-002  0.000000000000000E+000
   28.0000000000000       8.608152991157679E-002  0.000000000000000E+000
   29.0000000000000       8.311320129393621E-002  0.000000000000000E+000
   30.0000000000000       8.034276125080500E-002  0.000000000000000E+000
   31.0000000000000       7.775105927497258E-002  0.000000000000000E+000
   32.0000000000000       7.532133867262969E-002  0.000000000000000E+000
   33.0000000000000       7.303887386436818E-002  0.000000000000000E+000
   34.0000000000000       7.089067169188677E-002  0.000000000000000E+000
   35.0000000000000       6.886522392926143E-002  0.000000000000000E+000
   36.0000000000000       6.695230104233750E-002  0.000000000000000E+000
   37.0000000000000       6.514277939254459E-002  0.000000000000000E+000
   38.0000000000000       6.342849572431974E-002  0.000000000000000E+000
   39.0000000000000       6.180212403908077E-002  0.000000000000000E+000
   40.0000000000000       6.025707093810375E-002  0.000000000000000E+000
   41.0000000000000       5.878738628107683E-002  0.000000000000000E+000
   42.0000000000000       5.738768660771786E-002  0.000000000000000E+000
   43.0000000000000       5.605308924474767E-002  0.000000000000000E+000
   44.0000000000000       5.477915539827614E-002  0.000000000000000E+000
   45.0000000000000       5.356184083387000E-002  0.000000000000000E+000
   46.0000000000000       5.239745298965544E-002  0.000000000000000E+000
   47.0000000000000       5.128261356434362E-002  0.000000000000000E+000
   48.0000000000000       5.021422578175313E-002  0.000000000000000E+000
   49.0000000000000       4.918944566375816E-002  0.000000000000000E+000
   50.0000000000000       4.820565675048300E-002  0.000000000000000E+000
   51.0000000000000       4.726044779459117E-002  0.000000000000000E+000
   52.0000000000000       4.635159302931058E-002  0.000000000000000E+000
   53.0000000000000       4.547703467026698E-002  0.000000000000000E+000
   54.0000000000000       4.463486736155833E-002  0.000000000000000E+000
   55.0000000000000       4.382332431862091E-002  0.000000000000000E+000
   56.0000000000000       4.304076495578840E-002  0.000000000000000E+000
   57.0000000000000       4.228566381621316E-002  0.000000000000000E+000
   58.0000000000000       4.155660064696810E-002  0.000000000000000E+000
   59.0000000000000       4.085225148346017E-002  0.000000000000000E+000
   60.0000000000000       4.017138062540250E-002  0.000000000000000E+000
   61.0000000000000       3.951283340203525E-002  0.000000000000000E+000
   62.0000000000000       3.887552963748629E-002  0.000000000000000E+000
   63.0000000000000       3.825845773847857E-002  0.000000000000000E+000
   64.0000000000000       3.766066933631484E-002  0.000000000000000E+000
   65.0000000000000       3.708127442344846E-002  0.000000000000000E+000
   66.0000000000000       3.651943693218409E-002  0.000000000000000E+000
   67.0000000000000       3.597437070931567E-002  0.000000000000000E+000
   68.0000000000000       3.544533584594339E-002  0.000000000000000E+000
   69.0000000000000       3.493163532643696E-002  0.000000000000000E+000
   70.0000000000000       3.443261196463072E-002  0.000000000000000E+000
   71.0000000000000       3.394764559893169E-002  0.000000000000000E+000
   72.0000000000000       3.347615052116875E-002  0.000000000000000E+000
   73.0000000000000       3.301757311676918E-002  0.000000000000000E+000
   74.0000000000000       3.257138969627230E-002  0.000000000000000E+000
   75.0000000000000       3.213710450032200E-002  0.000000000000000E+000
   76.0000000000000       3.171424786215987E-002  0.000000000000000E+000
   77.0000000000000       3.130237451330065E-002  0.000000000000000E+000
   78.0000000000000       3.090106201954039E-002  0.000000000000000E+000
   79.0000000000000       3.050990933574874E-002  0.000000000000000E+000
   80.0000000000000       3.012853546905188E-002  0.000000000000000E+000
   81.0000000000000       2.975657824103889E-002  0.000000000000000E+000
   82.0000000000000       2.939369314053842E-002  0.000000000000000E+000
   83.0000000000000       2.903955225932711E-002  0.000000000000000E+000
   84.0000000000000       2.869384330385893E-002  0.000000000000000E+000
   85.0000000000000       2.835626867675471E-002  0.000000000000000E+000
   86.0000000000000       2.802654462237384E-002  0.000000000000000E+000
   87.0000000000000       2.770440043131207E-002  0.000000000000000E+000
   88.0000000000000       2.738957769913807E-002  0.000000000000000E+000
   89.0000000000000       2.708182963510281E-002  0.000000000000000E+000
   90.0000000000000       2.678092041693500E-002  0.000000000000000E+000
   91.0000000000000       2.648662458817747E-002  0.000000000000000E+000
   92.0000000000000       2.619872649482772E-002  0.000000000000000E+000
   93.0000000000000       2.591701975832419E-002  0.000000000000000E+000
   94.0000000000000       2.564130678217181E-002  0.000000000000000E+000
   95.0000000000000       2.537139828972789E-002  0.000000000000000E+000
   96.0000000000000       2.510711289087656E-002  0.000000000000000E+000
   97.0000000000000       2.484827667550670E-002  0.000000000000000E+000
   98.0000000000000       2.459472283187908E-002  0.000000000000000E+000
   99.0000000000000       2.434629128812273E-002  0.000000000000000E+000
   100.000000000000       2.410282837524150E-002  0.000000000000000E+000
   101.000000000000       2.386418651014010E-002  0.000000000000000E+000
   102.000000000000       2.363022389729559E-002  0.000000000000000E+000
   103.000000000000       2.340080424780728E-002  0.000000000000000E+000
   104.000000000000       2.317579651465529E-002  0.000000000000000E+000
   105.000000000000       2.295507464308714E-002  0.000000000000000E+000
   106.000000000000       2.273851733513349E-002  0.000000000000000E+000
   107.000000000000       2.252600782732850E-002  0.000000000000000E+000
   108.000000000000       2.231743368077917E-002  0.000000000000000E+000
   109.000000000000       2.211268658279037E-002  0.000000000000000E+000
   110.000000000000       2.191166215931046E-002  0.000000000000000E+000
   111.000000000000       2.171425979751487E-002  0.000000000000000E+000
   112.000000000000       2.152038247789420E-002  0.000000000000000E+000
   113.000000000000       2.132993661525797E-002  0.000000000000000E+000
   114.000000000000       2.114283190810658E-002  0.000000000000000E+000
   115.000000000000       2.095898119586218E-002  0.000000000000000E+000
   116.000000000000       2.077830032348405E-002  0.000000000000000E+000
   117.000000000000       2.060070801302692E-002  0.000000000000000E+000
   118.000000000000       2.042612574173009E-002  0.000000000000000E+000
   119.000000000000       2.025447762625336E-002  0.000000000000000E+000
   120.000000000000       2.008569031270125E-002  0.000000000000000E+000
   121.000000000000       1.991969287210042E-002  0.000000000000000E+000
   122.000000000000       1.975641670101762E-002  0.000000000000000E+000
   123.000000000000       1.959579542702561E-002  0.000000000000000E+000
   124.000000000000       1.943776481874315E-002  0.000000000000000E+000
   125.000000000000       1.928226270019320E-002  0.000000000000000E+000
   126.000000000000       1.912922886923929E-002  0.000000000000000E+000
   127.000000000000       1.897860501987520E-002  0.000000000000000E+000
   128.000000000000       1.883033466815742E-002  0.000000000000000E+000
   129.000000000000       1.868436308158256E-002  0.000000000000000E+000
   130.000000000000       1.854063721172423E-002  0.000000000000000E+000
   131.000000000000       1.839910562995534E-002  0.000000000000000E+000
   132.000000000000       1.825971846609204E-002  0.000000000000000E+000
   133.000000000000       1.812242734980564E-002  0.000000000000000E+000
   134.000000000000       1.798718535465784E-002  0.000000000000000E+000
   135.000000000000       1.785394694462333E-002  0.000000000000000E+000
   136.000000000000       1.772266792297169E-002  0.000000000000000E+000
   137.000000000000       1.759330538338796E-002  0.000000000000000E+000
   138.000000000000       1.746581766321848E-002  0.000000000000000E+000
   139.000000000000       1.734016429873489E-002  0.000000000000000E+000
   140.000000000000       1.721630598231536E-002  0.000000000000000E+000
   141.000000000000       1.709420452144787E-002  0.000000000000000E+000
   142.000000000000       1.697382279946585E-002  0.000000000000000E+000
   143.000000000000       1.685512473793112E-002  0.000000000000000E+000
   144.000000000000       1.673807526058438E-002  0.000000000000000E+000
   145.000000000000       1.662264025878724E-002  0.000000000000000E+000
   146.000000000000       1.650878655838459E-002  0.000000000000000E+000
   147.000000000000       1.639648188791939E-002  0.000000000000000E+000
   148.000000000000       1.628569484813615E-002  0.000000000000000E+000
   149.000000000000       1.617639488271242E-002  0.000000000000000E+000
   150.000000000000       1.606855225016100E-002  0.000000000000000E+000
   151.000000000000       1.596213799684867E-002  0.000000000000000E+000
   152.000000000000       1.585712393107994E-002  0.000000000000000E+000
   153.000000000000       1.575348259819706E-002  0.000000000000000E+000
   154.000000000000       1.565118725665033E-002  0.000000000000000E+000
   155.000000000000       1.555021185499452E-002  0.000000000000000E+000
   156.000000000000       1.545053100977019E-002  0.000000000000000E+000
   157.000000000000       1.535211998423026E-002  0.000000000000000E+000
   158.000000000000       1.525495466787437E-002  0.000000000000000E+000
   159.000000000000       1.515901155675566E-002  0.000000000000000E+000
   160.000000000000       1.506426773452594E-002  0.000000000000000E+000
   161.000000000000       1.497070085418727E-002  0.000000000000000E+000
   162.000000000000       1.487828912051944E-002  0.000000000000000E+000
   163.000000000000       1.478701127315430E-002  0.000000000000000E+000
   164.000000000000       1.469684657026921E-002  0.000000000000000E+000
   165.000000000000       1.460777477287364E-002  0.000000000000000E+000
   166.000000000000       1.451977612966355E-002  0.000000000000000E+000
   167.000000000000       1.443283136242006E-002  0.000000000000000E+000
   168.000000000000       1.434692165192946E-002  0.000000000000000E+000
   169.000000000000       1.426202862440325E-002  0.000000000000000E+000
   170.000000000000       1.417813433837735E-002  0.000000000000000E+000
   171.000000000000       1.409522127207105E-002  0.000000000000000E+000
   172.000000000000       1.401327231118692E-002  0.000000000000000E+000
   173.000000000000       1.393227073713382E-002  0.000000000000000E+000
   174.000000000000       1.385220021565603E-002  0.000000000000000E+000
   175.000000000000       1.377304478585229E-002  0.000000000000000E+000
   176.000000000000       1.369478884956903E-002  0.000000000000000E+000
   177.000000000000       1.361741716115339E-002  0.000000000000000E+000
   178.000000000000       1.354091481755140E-002  0.000000000000000E+000
   179.000000000000       1.346526724873827E-002  0.000000000000000E+000
   180.000000000000       1.339046020846750E-002  0.000000000000000E+000
   181.000000000000       1.331647976532680E-002  0.000000000000000E+000
   182.000000000000       1.324331229408874E-002  0.000000000000000E+000
   183.000000000000       1.317094446734508E-002  0.000000000000000E+000
   184.000000000000       1.309936324741386E-002  0.000000000000000E+000
   185.000000000000       1.302855587850892E-002  0.000000000000000E+000
   186.000000000000       1.295850987916210E-002  0.000000000000000E+000
   187.000000000000       1.288921303488850E-002  0.000000000000000E+000
   188.000000000000       1.282065339108590E-002  0.000000000000000E+000
   189.000000000000       1.275281924615952E-002  0.000000000000000E+000
   190.000000000000       1.268569914486395E-002  0.000000000000000E+000
   191.000000000000       1.261928187185419E-002  0.000000000000000E+000
   192.000000000000       1.255355644543828E-002  0.000000000000000E+000
   193.000000000000       1.248851211152409E-002  0.000000000000000E+000
   194.000000000000       1.242413833775335E-002  0.000000000000000E+000
   195.000000000000       1.236042480781615E-002  0.000000000000000E+000
   196.000000000000       1.229736141593954E-002  0.000000000000000E+000
   197.000000000000       1.223493826154391E-002  0.000000000000000E+000
   198.000000000000       1.217314564406136E-002  0.000000000000000E+000
   199.000000000000       1.211197405791030E-002  0.000000000000000E+000
   200.000000000000       1.205141418762075E-002  0.000000000000000E+000
   201.000000000000       1.199145690310522E-002  0.000000000000000E+000
   202.000000000000       1.193209325507005E-002  0.000000000000000E+000
   203.000000000000       1.187331447056232E-002  0.000000000000000E+000
   204.000000000000       1.181511194864779E-002  0.000000000000000E+000
   205.000000000000       1.175747725621537E-002  0.000000000000000E+000
   206.000000000000       1.170040212390364E-002  0.000000000000000E+000
   207.000000000000       1.164387844214565E-002  0.000000000000000E+000
   208.000000000000       1.158789825732764E-002  0.000000000000000E+000
   209.000000000000       1.153245376805813E-002  0.000000000000000E+000
   210.000000000000       1.147753732154357E-002  0.000000000000000E+000
   211.000000000000       1.142314141006706E-002  0.000000000000000E+000
   212.000000000000       1.136925866756675E-002  0.000000000000000E+000
   213.000000000000       1.131588186631056E-002  0.000000000000000E+000
   214.000000000000       1.126300391366425E-002  0.000000000000000E+000
   215.000000000000       1.121061784894953E-002  0.000000000000000E+000
   216.000000000000       1.115871684038958E-002  0.000000000000000E+000
   217.000000000000       1.110729418213894E-002  0.000000000000000E+000
   218.000000000000       1.105634329139518E-002  0.000000000000000E+000
   219.000000000000       1.100585770558973E-002  0.000000000000000E+000
   220.000000000000       1.095583107965523E-002  0.000000000000000E+000
   221.000000000000       1.090625718336720E-002  0.000000000000000E+000
   222.000000000000       1.085712989875743E-002  0.000000000000000E+000
   223.000000000000       1.080844321759709E-002  0.000000000000000E+000
   224.000000000000       1.076019123894710E-002  0.000000000000000E+000
   225.000000000000       1.071236816677400E-002  0.000000000000000E+000
   226.000000000000       1.066496830762898E-002  0.000000000000000E+000
   227.000000000000       1.061798606838833E-002  0.000000000000000E+000
   228.000000000000       1.057141595405329E-002  0.000000000000000E+000
   229.000000000000       1.052525256560764E-002  0.000000000000000E+000
   230.000000000000       1.047949059793109E-002  0.000000000000000E+000
   231.000000000000       1.043412483776688E-002  0.000000000000000E+000
   232.000000000000       1.038915016174203E-002  0.000000000000000E+000
   233.000000000000       1.034456153443841E-002  0.000000000000000E+000
   234.000000000000       1.030035400651346E-002  0.000000000000000E+000
   235.000000000000       1.025652271286872E-002  0.000000000000000E+000
   236.000000000000       1.021306287086504E-002  0.000000000000000E+000
   237.000000000000       1.016996977858291E-002  0.000000000000000E+000
   238.000000000000       1.012723881312668E-002  0.000000000000000E+000
   239.000000000000       1.008486542897134E-002  0.000000000000000E+000
   240.000000000000       1.004284515635063E-002  0.000000000000000E+000
   241.000000000000       1.000117359968527E-002  0.000000000000000E+000
   242.000000000000       9.959846436050208E-003  0.000000000000000E+000
   243.000000000000       9.918859413679629E-003  0.000000000000000E+000
   244.000000000000       9.878208350508812E-003  0.000000000000000E+000
   245.000000000000       9.837889132751633E-003  0.000000000000000E+000
   246.000000000000       9.797897713512806E-003  0.000000000000000E+000
   247.000000000000       9.758230111433806E-003  0.000000000000000E+000
   248.000000000000       9.718882409371573E-003  0.000000000000000E+000
   249.000000000000       9.679850753109037E-003  0.000000000000000E+000
   250.000000000000       9.641131350096600E-003  0.000000000000000E+000
   251.000000000000       9.602720468223705E-003  0.000000000000000E+000
   252.000000000000       9.564614434619643E-003  0.000000000000000E+000
   253.000000000000       9.526809634482807E-003  0.000000000000000E+000
   254.000000000000       9.489302509937599E-003  0.000000000000000E+000
   255.000000000000       9.452089558918235E-003  0.000000000000000E+000
   256.000000000000       9.415167334078711E-003  0.000000000000000E+000
   257.000000000000       9.378532441728210E-003  0.000000000000000E+000
   258.000000000000       9.342181540791280E-003  0.000000000000000E+000
   259.000000000000       9.306111341792085E-003  0.000000000000000E+000
   260.000000000000       9.270318605862115E-003  0.000000000000000E+000
   261.000000000000       9.234800143770689E-003  0.000000000000000E+000
   262.000000000000       9.199552814977672E-003  0.000000000000000E+000
   263.000000000000       9.164573526707794E-003  0.000000000000000E+000
   264.000000000000       9.129859233046022E-003  0.000000000000000E+000
   265.000000000000       9.095406934053396E-003  0.000000000000000E+000
   266.000000000000       9.061213674902820E-003  0.000000000000000E+000
   267.000000000000       9.027276545034270E-003  0.000000000000000E+000
   268.000000000000       8.993592677328919E-003  0.000000000000000E+000
   269.000000000000       8.960159247301673E-003  0.000000000000000E+000
   270.000000000000       8.926973472311667E-003  0.000000000000000E+000
   271.000000000000       8.894032610790222E-003  0.000000000000000E+000
   272.000000000000       8.861333961485847E-003  0.000000000000000E+000
   273.000000000000       8.828874862725825E-003  0.000000000000000E+000
   274.000000000000       8.796652691693978E-003  0.000000000000000E+000
   275.000000000000       8.764664863724183E-003  0.000000000000000E+000
   276.000000000000       8.732908831609239E-003  0.000000000000000E+000
   277.000000000000       8.701382084924729E-003  0.000000000000000E+000
   278.000000000000       8.670082149367446E-003  0.000000000000000E+000
   279.000000000000       8.639006586108064E-003  0.000000000000000E+000
   280.000000000000       8.608152991157679E-003  0.000000000000000E+000
   281.000000000000       8.577518994747865E-003  0.000000000000000E+000
   282.000000000000       8.547102260723936E-003  0.000000000000000E+000
   283.000000000000       8.516900485951060E-003  0.000000000000000E+000
   284.000000000000       8.486911399732924E-003  0.000000000000000E+000
   285.000000000000       8.457132763242631E-003  0.000000000000000E+000
   286.000000000000       8.427562368965559E-003  0.000000000000000E+000
   287.000000000000       8.398198040153832E-003  0.000000000000000E+000
   288.000000000000       8.369037630292188E-003  0.000000000000000E+000
   289.000000000000       8.340079022574914E-003  0.000000000000000E+000
   290.000000000000       8.311320129393621E-003  0.000000000000000E+000
   291.000000000000       8.282758891835567E-003  0.000000000000000E+000
   292.000000000000       8.254393279192295E-003  0.000000000000000E+000
   293.000000000000       8.226221288478329E-003  0.000000000000000E+000
   294.000000000000       8.198240943959694E-003  0.000000000000000E+000
   295.000000000000       8.170450296692035E-003  0.000000000000000E+000
   296.000000000000       8.142847424068074E-003  0.000000000000000E+000
   297.000000000000       8.115430429374243E-003  0.000000000000000E+000
   298.000000000000       8.088197441356209E-003  0.000000000000000E+000
   299.000000000000       8.061146613793145E-003  0.000000000000000E+000
   300.000000000000       8.034276125080500E-003  0.000000000000000E+000
   301.000000000000       8.007584177821096E-003  0.000000000000000E+000
   302.000000000000       7.981068998424337E-003  0.000000000000000E+000
   303.000000000000       7.954728836713366E-003  0.000000000000000E+000
   304.000000000000       7.928561965539968E-003  0.000000000000000E+000
   305.000000000000       7.902566680407050E-003  0.000000000000000E+000
   306.000000000000       7.876741299098530E-003  0.000000000000000E+000
   307.000000000000       7.851084161316449E-003  0.000000000000000E+000
   308.000000000000       7.825593628325163E-003  0.000000000000000E+000
   309.000000000000       7.800268082602427E-003  0.000000000000000E+000
   310.000000000000       7.775105927497258E-003  0.000000000000000E+000
