  0.000000000000000E+000 -0.132232428648018       7.569966140189791E-006
  7.812500000000000E-003 -0.132414939968986      -1.019364123422122E-003
  1.562500000000000E-002 -0.132813604078096      -2.157161219163646E-003
  2.343750000000000E-002 -0.133616451846610      -3.294552799639096E-003
  3.125000000000000E-002 -0.134750874833765      -4.205527808634695E-003
  3.906250000000000E-002 -0.137170422916230      -5.412231115379920E-003
  4.687500000000000E-002 -0.140758488747536      -7.445605796608776E-003
  5.468750000000000E-002 -0.148396022368852      -7.521872403204275E-003
  6.250000000000000E-002 -0.170819579978188      -1.432508856709617E-002
  7.031250000000000E-002  0.170562135589083      -0.103733975578991     
  7.812500000000000E-002 -7.968082936451479E-002 -8.001915607815685E-002
  8.593750000000000E-002 -7.289620003139333E-002 -5.986271462989474E-003
  9.375000000000000E-002 -9.740357105300748E-002 -7.163529190465255E-004
  0.101562500000000      -0.107887670282239      -3.746239314724218E-003
  0.109375000000000      -0.112835795282739      -5.952681989637816E-003
  0.117187500000000      -0.116205640585101      -8.306368077762557E-003
  0.125000000000000      -0.119350631078816      -1.014588918772133E-002
  0.132812500000000      -0.122654258521527      -1.388773761598158E-002
  0.140625000000000      -0.125553742916091      -2.040029548369135E-002
  0.148437500000000      -0.121479117582686      -2.700183935187146E-002
  0.156250000000000      -0.114922263952267      -3.150376565446306E-002
  0.164062500000000      -0.110763790065158      -2.721596067917192E-002
  0.171875000000000      -0.110487738139751      -2.824505349525844E-002
  0.179687500000000      -0.105746828791685      -2.807652131122848E-002
  0.187500000000000      -0.104481521098007      -2.598846153614842E-002
  0.195312500000000      -0.103682859226792      -2.479641145826743E-002
  0.203125000000000      -0.102532410771719      -2.378166343904048E-002
  0.210937500000000      -0.101683842110135      -2.234017469706421E-002
  0.218750000000000      -0.101452966019617      -2.118097953972525E-002
  0.226562500000000      -0.100468494938748      -2.009390229373076E-002
  0.234375000000000      -9.927344729541826E-002 -1.777035801201389E-002
  0.242187500000000      -0.100845100837897      -1.468819350592639E-002
  0.250000000000000      -0.102147665184399      -1.366638912313932E-002
  0.257812500000000      -0.102621775992885      -1.252952389941890E-002
  0.265625000000000      -0.103658513598576      -1.065574967798258E-002
  0.273437500000000      -0.104646061674452      -8.645300962803065E-003
  0.281250000000000      -0.106791636354176      -4.959589046881952E-003
  0.289062500000000      -0.110770450953398      -3.422582704437304E-003
  0.296875000000000      -0.115003514589690      -1.213155996756975E-003
  0.304687500000000      -0.123463046918682       8.367022563717903E-004
  0.312500000000000      -0.129783253369221      -6.321277982987436E-003
  0.320312500000000      -0.131799729936853      -1.079428704417637E-002
  0.328125000000000      -0.133433444266163      -1.419517168656573E-002
  0.335937500000000      -0.134779444620144      -1.731127297408744E-002
  0.343750000000000      -0.136168690410948      -1.989274829024347E-002
  0.351562500000000      -0.137874663844198      -2.239337608387036E-002
  0.359375000000000      -0.140104411212756      -2.506748645585182E-002
  0.367187500000000      -0.142722365363975      -2.859452476713521E-002
  0.375000000000000      -0.145563347266109      -3.342156327925299E-002
  0.382812500000000      -0.147750230340741      -4.120245507154428E-002
  0.390625000000000      -0.143244278848234      -4.839026289504195E-002
  0.398437500000000      -0.140096873073851      -5.205429503400950E-002
  0.406250000000000      -0.137025024326620      -5.552428723852638E-002
  0.414062500000000      -0.132484816152191      -5.873748662089907E-002
  0.421875000000000      -0.128137422249968      -5.771077184764922E-002
  0.429687500000000      -0.126039246449601      -5.640708205886381E-002
  0.437500000000000      -0.124991134872989      -5.462028389715489E-002
  0.445312500000000      -0.126178851365862      -5.085979175010474E-002
  0.453125000000000      -0.131066125036611      -5.117010782583633E-002
  0.460937500000000      -0.135227988324092      -5.292977293025481E-002
  0.468750000000000      -0.139742092072481      -5.590077693330377E-002
  0.476562500000000      -0.144543425149503      -6.100353554593437E-002
  0.484375000000000      -0.147692403413702      -6.619574699745560E-002
  0.492187500000000      -0.153493077693484      -7.180290853211160E-002
  0.500000000000000      -0.163398307368783      -8.022961259679989E-002
  0.507812500000000      -0.184243303761243      -9.845563478000097E-002
  0.515625000000000      -0.182410033162207      -0.188424037069614     
  0.523437500000000      -8.488880102872683E-002 -0.194053716542354     
  0.531250000000000      -4.945426982552515E-002 -0.153541948194393     
  0.539062500000000      -4.144228966055705E-002 -0.123605351426054     
  0.546875000000000      -4.235760311934780E-002 -0.102883492777571     
  0.554687500000000      -4.685044560981538E-002 -9.125706912102463E-002
  0.562500000000000      -4.997785433464614E-002 -8.378434346923173E-002
  0.570312500000000      -5.222593825808159E-002 -7.829151643881103E-002
  0.578125000000000      -5.386334484624691E-002 -7.373070475637428E-002
  0.585937500000000      -5.550570066382585E-002 -6.927498796687918E-002
  0.593750000000000      -5.778146667812875E-002 -6.591100494457031E-002
  0.601562500000000      -5.981711059689912E-002 -6.332992776833891E-002
  0.609375000000000      -6.172510035476502E-002 -6.122647377861947E-002
  0.617187500000000      -6.364689054795680E-002 -5.951351279588363E-002
  0.625000000000000      -6.582914797816444E-002 -5.863976635702524E-002
  0.632812500000000      -6.692771819299667E-002 -5.838985771672035E-002
  0.640625000000000      -6.759006073816504E-002 -5.794288501453589E-002
  0.648437500000000      -6.800794391742047E-002 -5.730685633321248E-002
  0.656250000000000      -6.829045339186220E-002 -5.639071246931043E-002
  0.664062500000000      -6.858377852457792E-002 -5.484597521181796E-002
  0.671875000000000      -7.034216671521760E-002 -5.342188391394635E-002
  0.679687500000000      -7.196768040370462E-002 -5.279677362085956E-002
  0.687500000000000      -7.355036344686608E-002 -5.246523998229224E-002
  0.695312500000000      -7.518108778634802E-002 -5.239277357141562E-002
  0.703125000000000      -7.699600746386397E-002 -5.269452666556421E-002
  0.710937500000000      -7.857898958190422E-002 -5.442888012210905E-002
  0.718750000000000      -7.858001603631760E-002 -5.572334318932919E-002
  0.726562500000000      -7.841865501483419E-002 -5.648726678890721E-002
  0.734375000000000      -7.820101108045333E-002 -5.699711081177564E-002
  0.742187500000000      -7.779723481359650E-002 -5.739838140253348E-002
  0.750000000000000      -7.662767860031007E-002 -5.736111932914466E-002
  0.757812500000000      -7.677581089375796E-002 -5.465429510810665E-002
  0.765625000000000      -7.877093588731716E-002 -5.385428823659615E-002
  0.773437500000000      -8.067024334828457E-002 -5.385315977964353E-002
  0.781250000000000      -8.252463191244025E-002 -5.431899195441897E-002
  0.789062500000000      -8.441522192064126E-002 -5.520093303955246E-002
  0.796875000000000      -8.652751115572742E-002 -5.664391512446026E-002
  0.804687500000000      -8.814727042943875E-002 -6.016209145123802E-002
  0.812500000000000      -8.764982769339570E-002 -6.317591117204045E-002
  0.820312500000000      -8.657233651633539E-002 -6.570614559404998E-002
  0.828125000000000      -8.488853082978844E-002 -6.789815811301228E-002
  0.835937500000000      -8.245321058372063E-002 -6.964360676940883E-002
  0.843750000000000      -7.900489847995679E-002 -7.054527853883963E-002
  0.851562500000000      -7.428267573087678E-002 -6.840768473256696E-002
  0.859375000000000      -7.382123120150756E-002 -6.495344581578036E-002
  0.867187500000000      -7.387397702500656E-002 -6.262708727209144E-002
  0.875000000000000      -7.415601241772343E-002 -6.047708522712937E-002
  0.882812500000000      -7.473752817904242E-002 -5.816408034990821E-002
  0.890625000000000      -7.589752100263024E-002 -5.545521847850267E-002
  0.898437500000000      -7.836054074989074E-002 -5.224471195288456E-002
  0.906250000000000      -8.372651455714133E-002 -5.098120564883338E-002
  0.914062500000000      -8.700593876048078E-002 -5.186956745347364E-002
  0.921875000000000      -8.971996114891485E-002 -5.259872924054573E-002
  0.929687500000000      -9.226087860279333E-002 -5.330723582966760E-002
  0.937500000000000      -9.474564159966073E-002 -5.401718332669705E-002
  0.945312500000000      -9.724232879748491E-002 -5.468615535450192E-002
  0.953125000000000      -9.990848356555042E-002 -5.516822603310609E-002
  0.960937500000000      -0.103522039306478      -5.591653616859563E-002
  0.968750000000000      -0.106674922075735      -5.734098047325204E-002
  0.976562500000000      -0.109843115164448      -5.857288111002720E-002
  0.984375000000000      -0.113327787835658      -5.958986617892118E-002
  0.992187500000000      -0.117451732889398      -6.034819474566111E-002
   1.00000000000000      -0.122719938815942      -6.082310623032628E-002
   1.00781250000000      -0.130118445588221      -6.110051176772127E-002
   1.01562500000000      -0.142690223977021      -6.214278795423384E-002
   1.02343750000000      -0.156024487983329      -7.419775037898586E-002
   1.03125000000000      -0.164520662265990      -8.799608515915322E-002
   1.03906250000000      -0.170631610788948      -0.103595584933909     
   1.04687500000000      -0.174335978178746      -0.121101243643014     
   1.05468750000000      -0.175193091919856      -0.140666827607093     
   1.06250000000000      -0.172246772239766      -0.162507170750021     
   1.07031250000000      -0.163471720179784      -0.186825510498017     
   1.07812500000000      -0.140783851421707      -0.212230241846493     
   1.08593750000000      -0.113028261270512      -0.218061256889664     
   1.09375000000000      -9.131246105787653E-002 -0.217652550597988     
   1.10156250000000      -7.373428401571787E-002 -0.214120074491868     
   1.10937500000000      -5.950309301435273E-002 -0.208931367997905     
   1.11718750000000      -4.802012451977932E-002 -0.202897599825859     
   1.12500000000000      -3.886578427867549E-002 -0.196466522377576     
   1.13281250000000      -3.186716780734724E-002 -0.189884674975251     
   1.14062500000000      -2.770541397197287E-002 -0.183320965620006     
   1.14843750000000      -2.477771995808652E-002 -0.180930186409718     
   1.15625000000000      -2.032464599524866E-002 -0.178737898809731     
   1.16406250000000      -1.552850874292799E-002 -0.176440650371447     
   1.17187500000000      -1.059162770255608E-002 -0.173917742349711     
   1.17968750000000      -5.628189108250668E-003 -0.171063923092844     
   1.18750000000000      -7.275626109296356E-004 -0.167788945555302     
   1.19531250000000       4.096928675552156E-003 -0.164001582370035     
   1.20312500000000       9.287372594379343E-003 -0.159239096587414     
   1.21093750000000       1.096746242456311E-002 -0.149286029330482     
   1.21875000000000       7.678458634020979E-003 -0.145928952817867     
   1.22656250000000       6.178518825928789E-003 -0.145226855666281     
   1.23437500000000       5.955366219352446E-003 -0.145699569934789     
   1.24218750000000       6.845819772734982E-003 -0.146932319846122     
   1.25000000000000       8.905153733060302E-003 -0.148727037195386     
   1.25781250000000       1.236674516803391E-002 -0.150894641256685     
   1.26562500000000       1.767322768802940E-002 -0.153101931516001     
   1.27343750000000       2.563391482331896E-002 -0.154536241203822     
   1.28125000000000       3.637698281460858E-002 -0.150497954643948     
   1.28906250000000       4.183025219558902E-002 -0.144263048383067     
   1.29687500000000       4.611853159630937E-002 -0.138809885876028     
   1.30468750000000       4.992298808718837E-002 -0.133538911967306     
   1.31250000000000       5.341911582390307E-002 -0.128183871817203     
   1.32031250000000       5.663505917832320E-002 -0.122566933133246     
   1.32812500000000       5.952286682181789E-002 -0.116544912075359     
   1.33593750000000       6.197620213265036E-002 -0.109977717467596     
   1.34375000000000       6.381570825957822E-002 -0.102665094857894     
   1.35156250000000       6.461897960865960E-002 -9.389080892865982E-002
   1.35937500000000       6.081124053586500E-002 -8.597892447292985E-002
   1.36718750000000       5.729360084909647E-002 -8.086924630910335E-002
   1.37500000000000       5.404373281316725E-002 -7.677533839488995E-002
   1.38281250000000       5.096801286507043E-002 -7.336219732094626E-002
   1.39062500000000       4.802040883142240E-002 -7.047781990556462E-002
   1.39843750000000       4.517414374187055E-002 -6.804153528355555E-002
   1.40625000000000       4.241316841018418E-002 -6.601226259258944E-002
   1.41406250000000       3.972862408634705E-002 -6.438087106395207E-002
   1.42187500000000       3.711715109087561E-002 -6.318605835640803E-002
   1.42968750000000       3.457962296869822E-002 -6.270974389016208E-002
   1.43750000000000       3.340123570358521E-002 -6.249114049447509E-002
   1.44531250000000       3.229811054392639E-002 -6.172801881934521E-002
   1.45312500000000       3.119203644242117E-002 -6.082972577831685E-002
   1.46093750000000       3.006088290021406E-002 -5.987725954817925E-002
   1.46875000000000       2.888507693040596E-002 -5.891139657061285E-002
   1.47656250000000       2.764442040661814E-002 -5.796056558974003E-002
   1.48437500000000       2.631515377092001E-002 -5.705042356655617E-002
   1.49218750000000       2.486471228045098E-002 -5.621034704216362E-002
   1.50000000000000       2.323768775212225E-002 -5.548389899939693E-002
   1.50781250000000       2.129215448462820E-002 -5.496980237960515E-002
   1.51562500000000       1.912364406270723E-002 -5.563786232234088E-002
   1.52343750000000       1.810585056260287E-002 -5.648573835666974E-002
   1.53125000000000       1.741560816981118E-002 -5.714199111409408E-002
   1.53906250000000       1.692128898668809E-002 -5.768443234390985E-002
   1.54687500000000       1.656996402920616E-002 -5.813929335711913E-002
   1.55468750000000       1.633054039835900E-002 -5.851604765664404E-002
   1.56250000000000       1.617996230769793E-002 -5.881452832745380E-002
   1.57031250000000       1.609808519563284E-002 -5.902441318396185E-002
   1.57812500000000       1.606586866674875E-002 -5.911266855259984E-002
   1.58593750000000       1.605413812404142E-002 -5.895973122548579E-002
   1.59375000000000       1.579334477673409E-002 -5.801772725942059E-002
   1.60156250000000       1.199175361056132E-002 -5.749019668716561E-002
   1.60937500000000       8.879740046770449E-003 -6.221468120406788E-002
   1.61718750000000       1.119383285737042E-002 -6.902287060491187E-002
   1.62500000000000       1.793540514968180E-002 -7.178314640629541E-002
   1.63281250000000       2.380348309435071E-002 -7.008398942092242E-002
   1.64062500000000       2.737192074501073E-002 -6.681536591834997E-002
   1.64843750000000       2.934030312545471E-002 -6.339928881122159E-002
   1.65625000000000       3.036661548550704E-002 -6.016136469127847E-002
   1.66406250000000       3.079046230100337E-002 -5.708414775136545E-002
   1.67187500000000       3.072938652954764E-002 -5.406798416436321E-002
   1.67968750000000       3.010550336001958E-002 -5.097869565427715E-002
   1.68750000000000       2.794926955465292E-002 -4.772513722907825E-002
   1.69531250000000       2.552308960092538E-002 -4.705572634951201E-002
   1.70312500000000       2.402198672885029E-002 -4.665178946650916E-002
   1.71093750000000       2.290827341144505E-002 -4.632061442413309E-002
   1.71875000000000       2.202901246891565E-002 -4.599907599869703E-002
   1.72656250000000       2.130076557539570E-002 -4.565250621764799E-002
   1.73437500000000       2.066469728505917E-002 -4.525812746947309E-002
   1.74218750000000       2.007114634638445E-002 -4.479964748346527E-002
   1.75000000000000       1.947150728532639E-002 -4.426522710728788E-002
   1.75781250000000       1.881135076057403E-002 -4.364698780440817E-002
   1.76562500000000       1.802016259206771E-002 -4.294188520698139E-002
   1.77343750000000       1.698475518444005E-002 -4.215610520494569E-002
   1.78125000000000       1.534026320507664E-002 -4.135402999540595E-002
   1.78906250000000       1.357307172296933E-002 -4.156606660011283E-002
   1.79687500000000       1.205424763710104E-002 -4.192628018154756E-002
   1.80468750000000       1.058466278669619E-002 -4.248198522114027E-002
   1.81250000000000       9.141720539321935E-003 -4.327887070819738E-002
   1.82031250000000       7.742613655664216E-003 -4.437141959960496E-002
   1.82812500000000       6.438249721288206E-003 -4.581945156531605E-002
   1.83593750000000       5.319040300946933E-003 -4.767952385745044E-002
   1.84375000000000       4.522434588888758E-003 -4.998827633629909E-002
   1.85156250000000       4.234694306198671E-003 -5.273553566509243E-002
   1.85937500000000       4.677049216632188E-003 -5.583004026120123E-002
   1.86718750000000       6.069102346207677E-003 -5.907221059914674E-002
   1.87500000000000       8.587567370036376E-003 -6.216963928407426E-002
   1.88281250000000       1.285075917375729E-002 -6.464943412042816E-002
   1.89062500000000       1.741202752944061E-002 -6.448481029424179E-002
   1.89843750000000       2.091041168339064E-002 -6.323164978827847E-002
   1.90625000000000       2.354775129329139E-002 -6.157698935424179E-002
   1.91406250000000       2.555157341069457E-002 -5.981855568358041E-002
   1.92187500000000       2.710970297177243E-002 -5.807990119791637E-002
   1.92968750000000       2.835890040484462E-002 -5.640094012636364E-002
   1.93750000000000       2.939261693044029E-002 -5.478250542556500E-002
   1.94531250000000       3.027156944360967E-002 -5.320802317883025E-002
   1.95312500000000       3.103236836057455E-002 -5.165366675242619E-002
   1.96093750000000       3.169336379574252E-002 -5.009247759927005E-002
   1.96875000000000       3.225760545427118E-002 -4.849428710368062E-002
   1.97656250000000       3.271111725584928E-002 -4.681793264754022E-002
   1.98437500000000       3.297348244745427E-002 -4.491279180024729E-002
   1.99218750000000       3.263840900521180E-002 -4.328414890428525E-002
   2.00000000000000       3.234397879926374E-002 -4.192077357466866E-002
   2.00781250000000       3.204062037921850E-002 -4.067415535725642E-002
   2.01562500000000       3.171707768493076E-002 -3.950947732841687E-002
   2.02343750000000       3.136772270981649E-002 -3.841070878135279E-002
   2.03125000000000       3.098887026965137E-002 -3.736952577584213E-002
   2.03906250000000       3.057772163780716E-002 -3.638194689714143E-002
   2.04687500000000       3.013200018992265E-002 -3.544702042485279E-002
   2.05468750000000       2.964981903386852E-002 -3.456631086012837E-002
   2.06250000000000       2.912959807222388E-002 -3.374386541360400E-002
   2.07031250000000       2.856988307394364E-002 -3.298675201960220E-002
   2.07812500000000       2.796876931444983E-002 -3.230690437720949E-002
   2.08593750000000       2.732167492187518E-002 -3.172789625558396E-002
   2.09375000000000       2.660616518943730E-002 -3.136248690680093E-002
   2.10156250000000       2.622313777050880E-002 -3.114366415239631E-002
   2.10937500000000       2.590336354594078E-002 -3.082296086095838E-002
   2.11718750000000       2.560890089279166E-002 -3.046951919018568E-002
   2.12500000000000       2.532829720511791E-002 -3.009821333325419E-002
   2.13281250000000       2.505497850529913E-002 -2.971566492463445E-002
   2.14062500000000       2.478425254390674E-002 -2.932557555132122E-002
   2.14843750000000       2.451227024848293E-002 -2.893033595514785E-002
   2.15625000000000       2.423550867125757E-002 -2.853169489381010E-002
   2.16406250000000       2.395041432239641E-002 -2.813110502862293E-002
   2.17187500000000       2.365304844462988E-002 -2.772994704123388E-002
   2.17968750000000       2.333858332754155E-002 -2.732972603148259E-002
   2.18750000000000       2.300034193414242E-002 -2.693232423334616E-002
   2.19531250000000       2.262736896425908E-002 -2.654049090194391E-002
   2.20312500000000       2.219492983833783E-002 -2.615940302138334E-002
   2.21093750000000       2.161610860073656E-002 -2.590598360712797E-002
   2.21875000000000       2.119504542754896E-002 -2.583133869992923E-002
   2.22656250000000       2.085940849737585E-002 -2.575419646334191E-002
   2.23437500000000       2.057462266445221E-002 -2.567610026430023E-002
   2.24218750000000       2.032893132571160E-002 -2.559659213987626E-002
   2.25000000000000       2.011643095453681E-002 -2.551454777014767E-002
   2.25781250000000       1.993357108202053E-002 -2.542838681645805E-002
   2.26562500000000       1.977786607315047E-002 -2.533613156045089E-002
   2.27343750000000       1.964725231320405E-002 -2.523543953763658E-002
   2.28125000000000       1.953968492460271E-002 -2.512364607688975E-002
   2.28906250000000       1.945283595074294E-002 -2.499783463889651E-002
   2.29687500000000       1.938384136837136E-002 -2.485494699319687E-002
   2.30468750000000       1.932908009450027E-002 -2.469193715254796E-002
   2.31250000000000       1.928399325589205E-002 -2.450593906438309E-002
   2.32031250000000       1.924301968171958E-002 -2.429419984736117E-002
   2.32812500000000       1.920093606479211E-002 -2.404928191707330E-002
   2.33593750000000       1.910576132206903E-002 -2.378886955848415E-002
   2.34375000000000       1.901208188128354E-002 -2.355274297315346E-002
   2.35156250000000       1.892479900509250E-002 -2.331767517846520E-002
   2.35937500000000       1.884248937143939E-002 -2.307805426500755E-002
   2.36718750000000       1.876350893929958E-002 -2.283103799600094E-002
   2.37500000000000       1.868621255967330E-002 -2.257490598298219E-002
   2.38281250000000       1.860903048043227E-002 -2.230851128414066E-002
   2.39062500000000       1.853051541761135E-002 -2.203100313686740E-002
   2.39843750000000       1.844937848395221E-002 -2.174162216948041E-002
   2.40625000000000       1.836451269910192E-002 -2.143948775314461E-002
   2.41406250000000       1.827499302725247E-002 -2.112331834645234E-002
   2.42187500000000       1.818003007899717E-002 -2.079100275597369E-002
   2.42968750000000       1.807883058693445E-002 -2.043884594367519E-002
   2.43750000000000       1.797024899730205E-002 -2.005997795043597E-002
   2.44531250000000       1.785182698301108E-002 -1.963984274621139E-002
   2.45312500000000       1.771527810267964E-002 -1.913109663506577E-002
   2.46093750000000       1.730712591887964E-002 -1.855491661810904E-002
   2.46875000000000       1.685805096786780E-002 -1.819039881743237E-002
   2.47656250000000       1.642926813078457E-002 -1.789637804333289E-002
   2.48437500000000       1.601498312757236E-002 -1.764534725299172E-002
   2.49218750000000       1.561174649678159E-002 -1.742518634299954E-002
   2.50000000000000       1.521703102259302E-002 -1.722910150265793E-002
   2.53125000000000       1.368567250970397E-002 -1.661794550782724E-002
   2.56250000000000       1.213414835064507E-002 -1.622458529488381E-002
   2.59375000000000       1.027999231662579E-002 -1.632092502804140E-002
   2.62500000000000       9.117697223712491E-003 -1.708454678329558E-002
   2.65625000000000       8.348271678377633E-003 -1.787151913366089E-002
   2.68750000000000       7.953193365632298E-003 -1.873897205045942E-002
   2.71875000000000       8.099693470824348E-003 -1.961157365652701E-002
   2.75000000000000       8.710073152436515E-003 -1.966691124871941E-002
   2.78125000000000       8.867802342972802E-003 -1.949624364307936E-002
   2.81250000000000       8.917453570706694E-003 -1.930516385252546E-002
   2.84375000000000       8.883498216383644E-003 -1.909190698222643E-002
   2.87500000000000       8.644130948892954E-003 -1.893723917465042E-002
   2.90625000000000       8.679518637580775E-003 -1.913304091654777E-002
   2.93750000000000       8.958817817426986E-003 -1.915212147251179E-002
   2.96875000000000       9.370210736590492E-003 -1.896436199454760E-002
   3.00000000000000       9.843285908479072E-003 -1.847679224522935E-002
   3.03125000000000       1.009622113685037E-002 -1.736195485042023E-002
   3.06250000000000       9.505358483053575E-003 -1.662059278372033E-002
   3.09375000000000       8.979893771562806E-003 -1.619605263650168E-002
   3.12500000000000       8.473870959312568E-003 -1.590872580193134E-002
   3.15625000000000       7.953506282075907E-003 -1.572708250898420E-002
   3.18750000000000       7.327219166056559E-003 -1.570430863877715E-002
   3.21875000000000       6.994473834143778E-003 -1.607929518431501E-002
   3.25000000000000       6.883172015342900E-003 -1.634522034369941E-002
   3.28125000000000       6.875520598536015E-003 -1.657850549002410E-002
   3.31250000000000       6.960159171030691E-003 -1.680636556199142E-002
   3.34375000000000       7.170112675044200E-003 -1.707444297127781E-002
   3.37500000000000       7.822290575689467E-003 -1.722200232934131E-002
   3.40625000000000       8.378432627625134E-003 -1.690725561213317E-002
   3.43750000000000       8.805511349675622E-003 -1.644763219437878E-002
   3.46875000000000       9.122692637752295E-003 -1.587089826484927E-002
   3.50000000000000       9.312283186481444E-003 -1.517978474193047E-002
   3.53125000000000       9.293786197543211E-003 -1.433484220428761E-002
   3.56250000000000       8.818496878486581E-003 -1.375729896531822E-002
   3.59375000000000       8.496437317371890E-003 -1.341119583727632E-002
   3.62500000000000       8.221825813919626E-003 -1.311209407620800E-002
   3.65625000000000       7.964935929068740E-003 -1.284015669993522E-002
   3.68750000000000       7.709329421783435E-003 -1.258968912597009E-002
   3.71875000000000       7.432465241247325E-003 -1.236741839815693E-002
   3.75000000000000       7.192678605939204E-003 -1.224041263002876E-002
   3.78125000000000       7.009599570858443E-003 -1.208976881310651E-002
   3.81250000000000       6.837773787518776E-003 -1.192243960450852E-002
   3.84375000000000       6.665146822689084E-003 -1.174011258166318E-002
   3.87500000000000       6.480742430361789E-003 -1.154107872844859E-002
   3.90625000000000       6.264966212141293E-003 -1.131687931516620E-002
   3.93750000000000       5.929290031093710E-003 -1.113225543506911E-002
   3.96875000000000       5.636665165385434E-003 -1.105357352976489E-002
   4.00000000000000       5.372565304096832E-003 -1.099170114831951E-002
   4.03125000000000       5.119573308720361E-003 -1.093877764955876E-002
   4.06250000000000       4.866115555883252E-003 -1.089181600346602E-002
   4.09375000000000       4.596992337580462E-003 -1.084870598603436E-002
   4.12500000000000       4.251103135255863E-003 -1.080349996606352E-002
   4.15625000000000       3.901164561011089E-003 -1.097546052001546E-002
   4.18750000000000       3.660361524710873E-003 -1.116954686812815E-002
   4.21875000000000       3.474310336142316E-003 -1.137831466646618E-002
   4.25000000000000       3.332547999833761E-003 -1.160195261930908E-002
   4.28125000000000       3.232958933729466E-003 -1.184299631432568E-002
   4.31250000000000       3.180502811550598E-003 -1.210791690029457E-002
   4.34375000000000       3.224699467492450E-003 -1.241850690077961E-002
   4.37500000000000       3.357841243704625E-003 -1.261077989139382E-002
   4.40625000000000       3.477553968976267E-003 -1.277521327174304E-002
   4.43750000000000       3.608170959850861E-003 -1.293161460640988E-002
   4.46875000000000       3.760087240869413E-003 -1.308798561983628E-002
   4.50000000000000       3.945671538010583E-003 -1.325185504792029E-002
   4.53125000000000       4.188291968592777E-003 -1.343464922197066E-002
   4.56250000000000       4.567735140358523E-003 -1.366953910595302E-002
   4.59375000000000       5.229394353123620E-003 -1.356154520574063E-002
   4.62500000000000       5.647228263057467E-003 -1.326079204823169E-002
   4.65625000000000       5.957336698470790E-003 -1.291556639391050E-002
   4.68750000000000       6.187509333204820E-003 -1.253797345056599E-002
   4.71875000000000       6.345627482277245E-003 -1.213273311840219E-002
   4.75000000000000       6.429205720070072E-003 -1.170112036412577E-002
   4.78125000000000       6.420791121366769E-003 -1.124012025392469E-002
   4.81250000000000       6.194334208807714E-003 -1.078073639010820E-002
   4.84375000000000       5.970721206499745E-003 -1.058839436790295E-002
   4.87500000000000       5.816178710594330E-003 -1.041210227906396E-002
   4.90625000000000       5.678625622959768E-003 -1.023766700288696E-002
   4.93750000000000       5.539640288971739E-003 -1.006081667981247E-002
   4.96875000000000       5.385938018524382E-003 -9.878924341425135E-003
   5.00000000000000       5.202024197382080E-003 -9.689118154794311E-003
   5.03125000000000       4.958750588343555E-003 -9.485719369940360E-003
   5.06250000000000       4.496343758365088E-003 -9.310390509145164E-003
   5.09375000000000       4.099630130380436E-003 -9.488053529905874E-003
   5.12500000000000       3.842753669396315E-003 -9.700696776979066E-003
   5.15625000000000       3.664015355119354E-003 -9.935211224744030E-003
   5.18750000000000       3.548237683569760E-003 -1.018912742364957E-002
   5.21875000000000       3.492132329860890E-003 -1.046302096232939E-002
   5.25000000000000       3.500564320663870E-003 -1.076012519821670E-002
   5.28125000000000       3.591030881521930E-003 -1.108860600910772E-002
   5.31250000000000       3.829467947289077E-003 -1.147653250885275E-002
   5.34375000000000       4.384715912892460E-003 -1.158946586800908E-002
   5.37500000000000       4.749830065989416E-003 -1.149275628616402E-002
   5.40625000000000       5.036513195746856E-003 -1.135143023210641E-002
   5.43750000000000       5.271846313630501E-003 -1.117955226966554E-002
   5.46875000000000       5.465828287154353E-003 -1.098363437445356E-002
   5.50000000000000       5.622521783214679E-003 -1.076750174636684E-002
   5.53125000000000       5.742620715693003E-003 -1.053343927808812E-002
   5.56250000000000       5.823158894172779E-003 -1.028193859258687E-002
   5.59375000000000       5.846896432422114E-003 -1.000491173011559E-002
   5.62500000000000       5.785407405151927E-003 -9.799775788304559E-003
   5.65625000000000       5.746922107751695E-003 -9.627241885438774E-003
   5.68750000000000       5.707794730369969E-003 -9.462797369309543E-003
   5.71875000000000       5.662488906259333E-003 -9.302496701778568E-003
   5.75000000000000       5.607458086874153E-003 -9.144375125957871E-003
   5.78125000000000       5.539025383544085E-003 -8.987111508415536E-003
   5.81250000000000       5.451954509127441E-003 -8.829557887712098E-003
   5.84375000000000       5.336517205413237E-003 -8.670356517315811E-003
   5.87500000000000       5.164409402471038E-003 -8.506815822088508E-003
   5.90625000000000       4.887584509584283E-003 -8.483268693217033E-003
   5.93750000000000       4.730376793113313E-003 -8.540969741817178E-003
   5.96875000000000       4.620879216490394E-003 -8.602440814070841E-003
   6.00000000000000       4.542064069130272E-003 -8.666156456060224E-003
   6.03125000000000       4.487362510625437E-003 -8.731302812730667E-003
   6.06250000000000       4.453790656014735E-003 -8.797275609134585E-003
   6.09375000000000       4.440403506360817E-003 -8.863512929991343E-003
   6.12500000000000       4.448195519873871E-003 -8.929356299186959E-003
   6.15625000000000       4.481648422374705E-003 -8.993750339712482E-003
   6.18750000000000       4.562731692050602E-003 -9.053167619377555E-003
   6.21875000000000       4.652163604925898E-003 -9.011181271369281E-003
   6.25000000000000       4.692504677849325E-003 -8.971076592657570E-003
   6.28125000000000       4.719556373092269E-003 -8.934560529090660E-003
   6.31250000000000       4.739367311147854E-003 -8.900643573874890E-003
   6.34375000000000       4.754475324558169E-003 -8.868924300612938E-003
   6.37500000000000       4.766146129800510E-003 -8.839254411377321E-003
   6.40625000000000       4.774997992912754E-003 -8.811665696222363E-003
   6.43750000000000       4.781190818247866E-003 -8.786401699544656E-003
   6.46875000000000       4.784336107867310E-003 -8.764117911082916E-003
   6.50000000000000       4.782417864301085E-003 -8.747041650713147E-003
   6.53125000000000       4.785634877120700E-003 -8.749192479873850E-003
   6.56250000000000       4.803176197505577E-003 -8.746402251361671E-003
   6.59375000000000       4.823521488988150E-003 -8.739964135655040E-003
   6.62500000000000       4.845121937150134E-003 -8.731370571672543E-003
   6.65625000000000       4.867198220354049E-003 -8.721331671366819E-003
   6.68750000000000       4.889151506016453E-003 -8.710300094104789E-003
   6.71875000000000       4.910353090618449E-003 -8.698613806129581E-003
   6.75000000000000       4.929955932731601E-003 -8.686553189102325E-003
   6.78125000000000       4.946543470834720E-003 -8.674367108524522E-003
   6.81250000000000       4.957039888171936E-003 -8.662270952495391E-003
   6.84375000000000       4.947335482445728E-003 -8.650137788967123E-003
   6.87500000000000       4.936627048663297E-003 -8.697188877106935E-003
   6.90625000000000       4.960284773766117E-003 -8.747101467481651E-003
   6.93750000000000       5.000683185973257E-003 -8.797659111162396E-003
   6.96875000000000       5.055019059944491E-003 -8.848772095886474E-003
   7.00000000000000       5.122692079293400E-003 -8.900459206977048E-003
   7.03125000000000       5.204220903594288E-003 -8.952800573698405E-003
   7.06250000000000       5.301114819595898E-003 -9.005939817513920E-003
   7.09375000000000       5.416195797764067E-003 -9.060114833701250E-003
   7.12500000000000       5.554609986604670E-003 -9.115740714323360E-003
   7.15625000000000       5.726983896117799E-003 -9.173662511266702E-003
   7.18750000000000       5.966343298956418E-003 -9.236509076606451E-003
   7.21875000000000       6.319366685727667E-003 -9.132087038623336E-003
   7.25000000000000       6.535595930438560E-003 -8.942912789584694E-003
   7.28125000000000       6.698146982885558E-003 -8.749140204027903E-003
   7.31250000000000       6.825662945196344E-003 -8.552290056254078E-003
   7.34375000000000       6.925419085263926E-003 -8.352966083371381E-003
   7.37500000000000       7.000782881035251E-003 -8.151455852442421E-003
   7.40625000000000       7.053050503447313E-003 -7.947878279720766E-003
   7.43750000000000       7.081956190985508E-003 -7.742223378122566E-003
   7.46875000000000       7.085525806555754E-003 -7.534337143146230E-003
   7.50000000000000       7.059079514911297E-003 -7.323831876936008E-003
   7.53125000000000       6.991636489103006E-003 -7.109762550498952E-003
   7.56250000000000       6.841341025862779E-003 -6.888378220803362E-003
   7.59375000000000       6.611621869727803E-003 -6.863026225469928E-003
   7.62500000000000       6.500258174667617E-003 -6.878579997788670E-003
   7.65625000000000       6.428452580427889E-003 -6.897744885253463E-003
   7.68750000000000       6.381526804936933E-003 -6.919291190975779E-003
   7.71875000000000       6.353210115897853E-003 -6.942749156878574E-003
   7.75000000000000       6.340254352062180E-003 -6.967923972750928E-003
   7.78125000000000       6.340933215406408E-003 -6.994765662485507E-003
   7.81250000000000       6.354504766004436E-003 -7.023328011045174E-003
   7.84375000000000       6.381068407265525E-003 -7.053767544338085E-003
   7.87500000000000       6.421737469920473E-003 -7.086382180814256E-003
   7.90625000000000       6.479439697663700E-003 -7.121740648483290E-003
   7.93750000000000       6.562596525044270E-003 -7.161234917192902E-003
   7.96875000000000       6.707060129980497E-003 -7.168017546733753E-003
   8.00000000000000       6.817580653083484E-003 -7.116886081709838E-003
   8.03125000000000       6.910119094675188E-003 -7.062627453194838E-003
   8.06250000000000       6.994489085120460E-003 -7.006783538951115E-003
   8.09375000000000       7.074379936018496E-003 -6.949980691147345E-003
   8.12500000000000       7.151873520661870E-003 -6.892596720049281E-003
   8.15625000000000       7.228446390830146E-003 -6.834913690077466E-003
   8.18750000000000       7.305361868271989E-003 -6.777179705544824E-003
   8.21875000000000       7.383906038529598E-003 -6.719647389814247E-003
   8.25000000000000       7.465623488693498E-003 -6.662613145616424E-003
   8.28125000000000       7.552702529788176E-003 -6.606481346922909E-003
   8.31250000000000       7.648913483180014E-003 -6.551919142925923E-003
   8.34375000000000       7.763333615361200E-003 -6.500462941524587E-003
   8.37500000000000       7.936914938051076E-003 -6.417514376823341E-003
   8.40625000000000       8.068734325349911E-003 -6.264790160616108E-003
   8.43750000000000       8.171311743241771E-003 -6.106959955614026E-003
   8.46875000000000       8.256092524769162E-003 -5.946011138690690E-003
   8.50000000000000       8.327029938950179E-003 -5.782693677101974E-003
   8.53125000000000       8.386033947657167E-003 -5.617415511175463E-003
   8.56250000000000       8.434089229206196E-003 -5.450431824455675E-003
   8.59375000000000       8.471620381331679E-003 -5.281910421338407E-003
   8.62500000000000       8.498610442070597E-003 -5.111957504686783E-003
   8.65625000000000       8.514584657678485E-003 -4.940624286612950E-003
   8.68750000000000       8.518448470838087E-003 -4.767896918029896E-003
   8.71875000000000       8.508028495343316E-003 -4.593656803728673E-003
   8.75000000000000       8.478651608570179E-003 -4.417547739976132E-003
   8.78125000000000       8.415594784096416E-003 -4.238241550765630E-003
   8.81250000000000       8.295206129819413E-003 -4.133155630395863E-003
   8.84375000000000       8.233713235163536E-003 -4.068939382485150E-003
   8.87500000000000       8.194174938576103E-003 -4.007038334682561E-003
   8.90625000000000       8.168036424424778E-003 -3.946543977919428E-003
   8.93750000000000       8.151973948046003E-003 -3.887087782992212E-003
   8.96875000000000       8.144417784769681E-003 -3.828481379325120E-003
   9.00000000000000       8.144674672351061E-003 -3.770624014718992E-003
   9.03125000000000       8.152629724542374E-003 -3.713469373677178E-003
   9.06250000000000       8.168665432407395E-003 -3.657013828089238E-003
   9.09375000000000       8.193716965744448E-003 -3.601296715625199E-003
   9.12500000000000       8.229489546804762E-003 -3.546412952310781E-003
   9.15625000000000       8.278999927199507E-003 -3.492548462059668E-003
   9.18750000000000       8.348052705210935E-003 -3.440080245891812E-003
   9.21875000000000       8.451001469670927E-003 -3.389973616858289E-003
   9.25000000000000       8.657758142169921E-003 -3.289399245587369E-003
   9.28125000000000       8.790681434012333E-003 -3.055565998777360E-003
   9.31250000000000       8.867896760975460E-003 -2.817517594193258E-003
   9.34375000000000       8.913148058916034E-003 -2.577123607140430E-003
   9.37500000000000       8.934058009208703E-003 -2.335067778486257E-003
   9.40625000000000       8.934208889091660E-003 -2.091732247737851E-003
   9.43750000000000       8.915441349658885E-003 -1.847371268838104E-003
   9.46875000000000       8.878610233007142E-003 -1.602171368855615E-003
   9.50000000000000       8.823873125724999E-003 -1.356277559700466E-003
   9.53125000000000       8.750771400840948E-003 -1.109805818909451E-003
   9.56250000000000       8.658165564388406E-003 -8.628482636586761E-004
   9.59375000000000       8.543989835586296E-003 -6.154723916945593E-004
   9.62500000000000       8.404648193088182E-003 -3.677114806388397E-004
   9.65625000000000       8.233406779473066E-003 -1.195319950442864E-004
   9.68750000000000       8.014472347136878E-003  1.293000220097451E-004
   9.71875000000000       7.664420357559520E-003  3.339297267663662E-004
   9.75000000000000       7.382142675457431E-003  3.567797795582085E-004
   9.78125000000000       7.165589310784307E-003  3.775612521359592E-004
   9.81250000000000       6.979099277515027E-003  3.972769654024569E-004
   9.84375000000000       6.811758814030514E-003  4.162497178623536E-004
   9.87500000000000       6.658094584668633E-003  4.346464425660191E-004
   9.90625000000000       6.514793116740516E-003  4.525698835176974E-004
   9.93750000000000       6.379615143093011E-003  4.700895144742193E-004
   9.96875000000000       6.250924383353141E-003  4.872550523487668E-004
   10.0000000000000       6.127444868827352E-003  5.041032770918550E-004
   11.0000000000000       5.570404426206684E-003  0.000000000000000E+000
   12.0000000000000       5.106204057356127E-003  0.000000000000000E+000
   13.0000000000000       4.713419129867194E-003  0.000000000000000E+000
   14.0000000000000       4.376746334876680E-003  0.000000000000000E+000
   15.0000000000000       4.084963245884901E-003  0.000000000000000E+000
   16.0000000000000       3.829653043017095E-003  0.000000000000000E+000
   17.0000000000000       3.604379334604325E-003  0.000000000000000E+000
   18.0000000000000       3.404136038237418E-003  0.000000000000000E+000
   19.0000000000000       3.224970983593343E-003  0.000000000000000E+000
   20.0000000000000       3.063722434413676E-003  0.000000000000000E+000
   21.0000000000000       2.917830889917787E-003  0.000000000000000E+000
   22.0000000000000       2.785202213103342E-003  0.000000000000000E+000
   23.0000000000000       2.664106464707544E-003  0.000000000000000E+000
   24.0000000000000       2.553102028678064E-003  0.000000000000000E+000
   25.0000000000000       2.450977947530941E-003  0.000000000000000E+000
   26.0000000000000       2.356709564933597E-003  0.000000000000000E+000
   27.0000000000000       2.269424025491612E-003  0.000000000000000E+000
   28.0000000000000       2.188373167438340E-003  0.000000000000000E+000
   29.0000000000000       2.112912023733570E-003  0.000000000000000E+000
   30.0000000000000       2.042481622942451E-003  0.000000000000000E+000
   31.0000000000000       1.976595118976565E-003  0.000000000000000E+000
   32.0000000000000       1.914826521508548E-003  0.000000000000000E+000
   33.0000000000000       1.856801475402228E-003  0.000000000000000E+000
   34.0000000000000       1.802189667302162E-003  0.000000000000000E+000
   35.0000000000000       1.750698533950672E-003  0.000000000000000E+000
   36.0000000000000       1.702068019118709E-003  0.000000000000000E+000
   37.0000000000000       1.656066180764149E-003  0.000000000000000E+000
   38.0000000000000       1.612485491796672E-003  0.000000000000000E+000
   39.0000000000000       1.571139709955731E-003  0.000000000000000E+000
   40.0000000000000       1.531861217206838E-003  0.000000000000000E+000
   41.0000000000000       1.494498748494476E-003  0.000000000000000E+000
   42.0000000000000       1.458915444958893E-003  0.000000000000000E+000
   43.0000000000000       1.424987178797059E-003  0.000000000000000E+000
   44.0000000000000       1.392601106551671E-003  0.000000000000000E+000
   45.0000000000000       1.361654415294967E-003  0.000000000000000E+000
   46.0000000000000       1.332053232353772E-003  0.000000000000000E+000
   47.0000000000000       1.303711674218586E-003  0.000000000000000E+000
   48.0000000000000       1.276551014339032E-003  0.000000000000000E+000
   49.0000000000000       1.250498952821909E-003  0.000000000000000E+000
   50.0000000000000       1.225488973765470E-003  0.000000000000000E+000
   51.0000000000000       1.201459778201442E-003  0.000000000000000E+000
   52.0000000000000       1.178354782466799E-003  0.000000000000000E+000
   53.0000000000000       1.156121673363651E-003  0.000000000000000E+000
   54.0000000000000       1.134712012745806E-003  0.000000000000000E+000
   55.0000000000000       1.114080885241337E-003  0.000000000000000E+000
   56.0000000000000       1.094186583719170E-003  0.000000000000000E+000
   57.0000000000000       1.074990327864448E-003  0.000000000000000E+000
   58.0000000000000       1.056456011866785E-003  0.000000000000000E+000
   59.0000000000000       1.038549977767348E-003  0.000000000000000E+000
   60.0000000000000       1.021240811471225E-003  0.000000000000000E+000
   61.0000000000000       1.004499158824156E-003  0.000000000000000E+000
   62.0000000000000       9.882975594882827E-004  0.000000000000000E+000
   63.0000000000000       9.726102966392623E-004  0.000000000000000E+000
   64.0000000000000       9.574132607542738E-004  0.000000000000000E+000
   65.0000000000000       9.426838259734388E-004  0.000000000000000E+000
   66.0000000000000       9.284007377011140E-004  0.000000000000000E+000
   67.0000000000000       9.145440102727391E-004  0.000000000000000E+000
   68.0000000000000       9.010948336510812E-004  0.000000000000000E+000
   69.0000000000000       8.880354882358481E-004  0.000000000000000E+000
   70.0000000000000       8.753492669753360E-004  0.000000000000000E+000
   71.0000000000000       8.630204040601905E-004  0.000000000000000E+000
   72.0000000000000       8.510340095593545E-004  0.000000000000000E+000
   73.0000000000000       8.393760094284044E-004  0.000000000000000E+000
   74.0000000000000       8.280330903820746E-004  0.000000000000000E+000
   75.0000000000000       8.169926491769803E-004  0.000000000000000E+000
   76.0000000000000       8.062427458983358E-004  0.000000000000000E+000
   77.0000000000000       7.957720608866691E-004  0.000000000000000E+000
   78.0000000000000       7.855698549778657E-004  0.000000000000000E+000
   79.0000000000000       7.756259327629560E-004  0.000000000000000E+000
   80.0000000000000       7.659306086034190E-004  0.000000000000000E+000
   81.0000000000000       7.564746751638707E-004  0.000000000000000E+000
   82.0000000000000       7.472493742472381E-004  0.000000000000000E+000
   83.0000000000000       7.382463697382353E-004  0.000000000000000E+000
   84.0000000000000       7.294577224794467E-004  0.000000000000000E+000
   85.0000000000000       7.208758669208650E-004  0.000000000000000E+000
   86.0000000000000       7.124935893985294E-004  0.000000000000000E+000
   87.0000000000000       7.043040079111899E-004  0.000000000000000E+000
   88.0000000000000       6.963005532758355E-004  0.000000000000000E+000
   89.0000000000000       6.884769515536351E-004  0.000000000000000E+000
   90.0000000000000       6.808272076474836E-004  0.000000000000000E+000
   91.0000000000000       6.733455899810277E-004  0.000000000000000E+000
   92.0000000000000       6.660266161768861E-004  0.000000000000000E+000
   93.0000000000000       6.588650396588551E-004  0.000000000000000E+000
   94.0000000000000       6.518558371092928E-004  0.000000000000000E+000
   95.0000000000000       6.449941967186687E-004  0.000000000000000E+000
   96.0000000000000       6.382755071695159E-004  0.000000000000000E+000
   97.0000000000000       6.316953473017889E-004  0.000000000000000E+000
   98.0000000000000       6.252494764109543E-004  0.000000000000000E+000
   99.0000000000000       6.189338251340760E-004  0.000000000000000E+000
   100.000000000000       6.127444868827352E-004  0.000000000000000E+000
   101.000000000000       6.066777097848864E-004  0.000000000000000E+000
   102.000000000000       6.007298891007208E-004  0.000000000000000E+000
   103.000000000000       5.948975600803255E-004  0.000000000000000E+000
   104.000000000000       5.891773912333993E-004  0.000000000000000E+000
   105.000000000000       5.835661779835574E-004  0.000000000000000E+000
   106.000000000000       5.780608366818257E-004  0.000000000000000E+000
   107.000000000000       5.726583989558273E-004  0.000000000000000E+000
   108.000000000000       5.673560063729029E-004  0.000000000000000E+000
   109.000000000000       5.621509053970048E-004  0.000000000000000E+000
   110.000000000000       5.570404426206684E-004  0.000000000000000E+000
   111.000000000000       5.520220602547165E-004  0.000000000000000E+000
   112.000000000000       5.470932918595850E-004  0.000000000000000E+000
   113.000000000000       5.422517583033056E-004  0.000000000000000E+000
   114.000000000000       5.374951639322239E-004  0.000000000000000E+000
   115.000000000000       5.328212929415089E-004  0.000000000000000E+000
   116.000000000000       5.282280059333924E-004  0.000000000000000E+000
   117.000000000000       5.237132366519105E-004  0.000000000000000E+000
   118.000000000000       5.192749888836740E-004  0.000000000000000E+000
   119.000000000000       5.149113335149036E-004  0.000000000000000E+000
   120.000000000000       5.106204057356127E-004  0.000000000000000E+000
   121.000000000000       5.064004023824258E-004  0.000000000000000E+000
   122.000000000000       5.022495794120781E-004  0.000000000000000E+000
   123.000000000000       4.981662494981588E-004  0.000000000000000E+000
   124.000000000000       4.941487797441414E-004  0.000000000000000E+000
   125.000000000000       4.901955895061882E-004  0.000000000000000E+000
   126.000000000000       4.863051483196311E-004  0.000000000000000E+000
   127.000000000000       4.824759739234135E-004  0.000000000000000E+000
   128.000000000000       4.787066303771369E-004  0.000000000000000E+000
   129.000000000000       4.749957262656862E-004  0.000000000000000E+000
   130.000000000000       4.713419129867194E-004  0.000000000000000E+000
   131.000000000000       4.677438831165918E-004  0.000000000000000E+000
   132.000000000000       4.642003688505570E-004  0.000000000000000E+000
   133.000000000000       4.607101405133348E-004  0.000000000000000E+000
   134.000000000000       4.572720051363696E-004  0.000000000000000E+000
   135.000000000000       4.538848050983224E-004  0.000000000000000E+000
   136.000000000000       4.505474168255406E-004  0.000000000000000E+000
   137.000000000000       4.472587495494418E-004  0.000000000000000E+000
   138.000000000000       4.440177441179241E-004  0.000000000000000E+000
   139.000000000000       4.408233718580829E-004  0.000000000000000E+000
   140.000000000000       4.376746334876680E-004  0.000000000000000E+000
   141.000000000000       4.345705580728619E-004  0.000000000000000E+000
   142.000000000000       4.315102020300953E-004  0.000000000000000E+000
   143.000000000000       4.284926481697449E-004  0.000000000000000E+000
   144.000000000000       4.255170047796772E-004  0.000000000000000E+000
   145.000000000000       4.225824047467140E-004  0.000000000000000E+000
   146.000000000000       4.196880047142022E-004  0.000000000000000E+000
   147.000000000000       4.168329842739696E-004  0.000000000000000E+000
   148.000000000000       4.140165451910373E-004  0.000000000000000E+000
   149.000000000000       4.112379106595538E-004  0.000000000000000E+000
   150.000000000000       4.084963245884901E-004  0.000000000000000E+000
   151.000000000000       4.057910509157187E-004  0.000000000000000E+000
   152.000000000000       4.031213729491679E-004  0.000000000000000E+000
   153.000000000000       4.004865927338139E-004  0.000000000000000E+000
   154.000000000000       3.978860304433346E-004  0.000000000000000E+000
   155.000000000000       3.953190237953130E-004  0.000000000000000E+000
   156.000000000000       3.927849274889328E-004  0.000000000000000E+000
   157.000000000000       3.902831126641626E-004  0.000000000000000E+000
   158.000000000000       3.878129663814780E-004  0.000000000000000E+000
   159.000000000000       3.853738911212171E-004  0.000000000000000E+000
   160.000000000000       3.829653043017095E-004  0.000000000000000E+000
   161.000000000000       3.805866378153635E-004  0.000000000000000E+000
   162.000000000000       3.782373375819354E-004  0.000000000000000E+000
   163.000000000000       3.759168631182425E-004  0.000000000000000E+000
   164.000000000000       3.736246871236190E-004  0.000000000000000E+000
   165.000000000000       3.713602950804456E-004  0.000000000000000E+000
   166.000000000000       3.691231848691176E-004  0.000000000000000E+000
   167.000000000000       3.669128663968474E-004  0.000000000000000E+000
   168.000000000000       3.647288612397233E-004  0.000000000000000E+000
   169.000000000000       3.625707022974765E-004  0.000000000000000E+000
   170.000000000000       3.604379334604325E-004  0.000000000000000E+000
   171.000000000000       3.583301092881492E-004  0.000000000000000E+000
   172.000000000000       3.562467946992647E-004  0.000000000000000E+000
   173.000000000000       3.541875646721013E-004  0.000000000000000E+000
   174.000000000000       3.521520039555950E-004  0.000000000000000E+000
   175.000000000000       3.501397067901344E-004  0.000000000000000E+000
   176.000000000000       3.481502766379177E-004  0.000000000000000E+000
   177.000000000000       3.461833259224493E-004  0.000000000000000E+000
   178.000000000000       3.442384757768175E-004  0.000000000000000E+000
   179.000000000000       3.423153558004108E-004  0.000000000000000E+000
   180.000000000000       3.404136038237418E-004  0.000000000000000E+000
   181.000000000000       3.385328656810692E-004  0.000000000000000E+000
   182.000000000000       3.366727949905138E-004  0.000000000000000E+000
   183.000000000000       3.348330529413854E-004  0.000000000000000E+000
   184.000000000000       3.330133080884431E-004  0.000000000000000E+000
   185.000000000000       3.312132361528298E-004  0.000000000000000E+000
   186.000000000000       3.294325198294275E-004  0.000000000000000E+000
   187.000000000000       3.276708486003932E-004  0.000000000000000E+000
   188.000000000000       3.259279185546464E-004  0.000000000000000E+000
   189.000000000000       3.242034322130874E-004  0.000000000000000E+000
   190.000000000000       3.224970983593343E-004  0.000000000000000E+000
   191.000000000000       3.208086318757776E-004  0.000000000000000E+000
   192.000000000000       3.191377535847580E-004  0.000000000000000E+000
   193.000000000000       3.174841900946815E-004  0.000000000000000E+000
   194.000000000000       3.158476736508945E-004  0.000000000000000E+000
   195.000000000000       3.142279419911463E-004  0.000000000000000E+000
   196.000000000000       3.126247382054772E-004  0.000000000000000E+000
   197.000000000000       3.110378106003732E-004  0.000000000000000E+000
   198.000000000000       3.094669125670380E-004  0.000000000000000E+000
   199.000000000000       3.079118024536358E-004  0.000000000000000E+000
   200.000000000000       3.063722434413676E-004  0.000000000000000E+000
   201.000000000000       3.048480034242464E-004  0.000000000000000E+000
   202.000000000000       3.033388548924432E-004  0.000000000000000E+000
   203.000000000000       3.018445748190814E-004  0.000000000000000E+000
   204.000000000000       3.003649445503604E-004  0.000000000000000E+000
   205.000000000000       2.988997496988952E-004  0.000000000000000E+000
   206.000000000000       2.974487800401627E-004  0.000000000000000E+000
   207.000000000000       2.960118294119494E-004  0.000000000000000E+000
   208.000000000000       2.945886956166996E-004  0.000000000000000E+000
   209.000000000000       2.931791803266676E-004  0.000000000000000E+000
   210.000000000000       2.917830889917787E-004  0.000000000000000E+000
   211.000000000000       2.904002307501115E-004  0.000000000000000E+000
   212.000000000000       2.890304183409129E-004  0.000000000000000E+000
   213.000000000000       2.876734680200635E-004  0.000000000000000E+000
   214.000000000000       2.863291994779137E-004  0.000000000000000E+000
   215.000000000000       2.849974357594117E-004  0.000000000000000E+000
   216.000000000000       2.836780031864515E-004  0.000000000000000E+000
   217.000000000000       2.823707312823665E-004  0.000000000000000E+000
   218.000000000000       2.810754526985024E-004  0.000000000000000E+000
   219.000000000000       2.797920031428015E-004  0.000000000000000E+000
   220.000000000000       2.785202213103342E-004  0.000000000000000E+000
   221.000000000000       2.772599488157173E-004  0.000000000000000E+000
   222.000000000000       2.760110301273582E-004  0.000000000000000E+000
   223.000000000000       2.747733125034687E-004  0.000000000000000E+000
   224.000000000000       2.735466459297925E-004  0.000000000000000E+000
   225.000000000000       2.723308830589934E-004  0.000000000000000E+000
   226.000000000000       2.711258791516528E-004  0.000000000000000E+000
   227.000000000000       2.699314920188261E-004  0.000000000000000E+000
   228.000000000000       2.687475819661120E-004  0.000000000000000E+000
   229.000000000000       2.675740117391857E-004  0.000000000000000E+000
   230.000000000000       2.664106464707544E-004  0.000000000000000E+000
   231.000000000000       2.652573536288897E-004  0.000000000000000E+000
   232.000000000000       2.641140029666962E-004  0.000000000000000E+000
   233.000000000000       2.629804664732769E-004  0.000000000000000E+000
   234.000000000000       2.618566183259553E-004  0.000000000000000E+000
   235.000000000000       2.607423348437171E-004  0.000000000000000E+000
   236.000000000000       2.596374944418370E-004  0.000000000000000E+000
   237.000000000000       2.585419775876520E-004  0.000000000000000E+000
   238.000000000000       2.574556667574518E-004  0.000000000000000E+000
   239.000000000000       2.563784463944499E-004  0.000000000000000E+000
   240.000000000000       2.553102028678063E-004  0.000000000000000E+000
   241.000000000000       2.542508244326702E-004  0.000000000000000E+000
   242.000000000000       2.532002011912129E-004  0.000000000000000E+000
   243.000000000000       2.521582250546235E-004  0.000000000000000E+000
   244.000000000000       2.511247897060390E-004  0.000000000000000E+000
   245.000000000000       2.500997905643817E-004  0.000000000000000E+000
   246.000000000000       2.490831247490794E-004  0.000000000000000E+000
   247.000000000000       2.480746910456418E-004  0.000000000000000E+000
   248.000000000000       2.470743898720707E-004  0.000000000000000E+000
   249.000000000000       2.460821232460784E-004  0.000000000000000E+000
   250.000000000000       2.450977947530941E-004  0.000000000000000E+000
   251.000000000000       2.441213095150340E-004  0.000000000000000E+000
   252.000000000000       2.431525741598156E-004  0.000000000000000E+000
   253.000000000000       2.421914967915949E-004  0.000000000000000E+000
   254.000000000000       2.412379869617068E-004  0.000000000000000E+000
   255.000000000000       2.402919556402883E-004  0.000000000000000E+000
   256.000000000000       2.393533151885685E-004  0.000000000000000E+000
   257.000000000000       2.384219793318036E-004  0.000000000000000E+000
   258.000000000000       2.374978631328431E-004  0.000000000000000E+000
   259.000000000000       2.365808829663070E-004  0.000000000000000E+000
   260.000000000000       2.356709564933597E-004  0.000000000000000E+000
   261.000000000000       2.347680026370633E-004  0.000000000000000E+000
   262.000000000000       2.338719415582959E-004  0.000000000000000E+000
   263.000000000000       2.329826946322187E-004  0.000000000000000E+000
   264.000000000000       2.321001844252785E-004  0.000000000000000E+000
   265.000000000000       2.312243346727303E-004  0.000000000000000E+000
   266.000000000000       2.303550702566674E-004  0.000000000000000E+000
   267.000000000000       2.294923171845450E-004  0.000000000000000E+000
   268.000000000000       2.286360025681848E-004  0.000000000000000E+000
   269.000000000000       2.277860546032473E-004  0.000000000000000E+000
   270.000000000000       2.269424025491612E-004  0.000000000000000E+000
   271.000000000000       2.261049767094964E-004  0.000000000000000E+000
   272.000000000000       2.252737084127703E-004  0.000000000000000E+000
   273.000000000000       2.244485299936759E-004  0.000000000000000E+000
   274.000000000000       2.236293747747209E-004  0.000000000000000E+000
   275.000000000000       2.228161770482674E-004  0.000000000000000E+000
   276.000000000000       2.220088720589620E-004  0.000000000000000E+000
   277.000000000000       2.212073959865470E-004  0.000000000000000E+000
   278.000000000000       2.204116859290415E-004  0.000000000000000E+000
   279.000000000000       2.196216798862850E-004  0.000000000000000E+000
   280.000000000000       2.188373167438340E-004  0.000000000000000E+000
   281.000000000000       2.180585362572011E-004  0.000000000000000E+000
   282.000000000000       2.172852790364309E-004  0.000000000000000E+000
   283.000000000000       2.165174865310018E-004  0.000000000000000E+000
   284.000000000000       2.157551010150476E-004  0.000000000000000E+000
   285.000000000000       2.149980655728896E-004  0.000000000000000E+000
   286.000000000000       2.142463240848725E-004  0.000000000000000E+000
   287.000000000000       2.134998212134966E-004  0.000000000000000E+000
   288.000000000000       2.127585023898386E-004  0.000000000000000E+000
   289.000000000000       2.120223138002544E-004  0.000000000000000E+000
   290.000000000000       2.112912023733570E-004  0.000000000000000E+000
   291.000000000000       2.105651157672630E-004  0.000000000000000E+000
   292.000000000000       2.098440023571011E-004  0.000000000000000E+000
   293.000000000000       2.091278112227765E-004  0.000000000000000E+000
   294.000000000000       2.084164921369848E-004  0.000000000000000E+000
   295.000000000000       2.077099955534696E-004  0.000000000000000E+000
   296.000000000000       2.070082725955186E-004  0.000000000000000E+000
   297.000000000000       2.063112750446920E-004  0.000000000000000E+000
   298.000000000000       2.056189553297769E-004  0.000000000000000E+000
   299.000000000000       2.049312665159650E-004  0.000000000000000E+000
   300.000000000000       2.042481622942451E-004  0.000000000000000E+000
   301.000000000000       2.035695969710084E-004  0.000000000000000E+000
   302.000000000000       2.028955254578594E-004  0.000000000000000E+000
   303.000000000000       2.022259032616288E-004  0.000000000000000E+000
   304.000000000000       2.015606864745840E-004  0.000000000000000E+000
   305.000000000000       2.008998317648312E-004  0.000000000000000E+000
   306.000000000000       2.002432963669069E-004  0.000000000000000E+000
   307.000000000000       1.995910380725522E-004  0.000000000000000E+000
   308.000000000000       1.989430152216673E-004  0.000000000000000E+000
   309.000000000000       1.982991866934418E-004  0.000000000000000E+000
   310.000000000000       1.976595118976565E-004  0.000000000000000E+000
