  0.000000000000000E+000 -0.225623026243793       2.950472791896606E-007
  7.812500000000000E-003 -0.225941605969921      -1.831636588600227E-003
  1.562500000000000E-002 -0.226729540477590      -3.892532720510898E-003
  2.343750000000000E-002 -0.228202241678088      -6.042558955258813E-003
  3.125000000000000E-002 -0.230280374423879      -7.993142728704338E-003
  3.906250000000000E-002 -0.234084085832806      -1.065688871783737E-002
  4.687500000000000E-002 -0.239486196972670      -1.447503392604886E-002
  5.468750000000000E-002 -0.250880150467555      -1.561882449003285E-002
  6.250000000000000E-002 -0.282927470087540      -2.584681954231299E-002
  7.031250000000000E-002  0.127043271685828      -0.135452982431921     
  7.812500000000000E-002 -0.172625784950677      -0.176468821539423     
  8.593750000000000E-002 -0.103097115539103      -3.018265477407621E-002
  9.375000000000000E-002 -0.155661417315999      -5.533886497354726E-003
  0.101562500000000      -0.179671670796408      -8.103110557299247E-003
  0.109375000000000      -0.189790381714419      -1.190209966958896E-002
  0.117187500000000      -0.196231255749802      -1.615597498455504E-002
  0.125000000000000      -0.202315544825425      -1.935215437201417E-002
  0.132812500000000      -0.208693800522900      -2.652153266358073E-002
  0.140625000000000      -0.213913221733090      -3.896595159714833E-002
  0.148437500000000      -0.206492074675981      -5.246457690559637E-002
  0.156250000000000      -0.190509858664649      -6.240140735413451E-002
  0.164062500000000      -0.181210791007594      -4.925692858317980E-002
  0.171875000000000      -0.181815895861834      -4.857865583380720E-002
  0.179687500000000      -0.176037761784761      -4.692460704704131E-002
  0.187500000000000      -0.175256718034291      -4.350956929439773E-002
  0.195312500000000      -0.174836388392258      -4.175617843296070E-002
  0.203125000000000      -0.173509430640353      -4.030937413906795E-002
  0.210937500000000      -0.172570762399965      -3.814018706023420E-002
  0.218750000000000      -0.172700560524915      -3.618007530732596E-002
  0.226562500000000      -0.171856981086565      -3.473751787347906E-002
  0.234375000000000      -0.170400776913668      -3.166646396082353E-002
  0.242187500000000      -0.172792545981619      -2.692400844847093E-002
  0.250000000000000      -0.175212193430343      -2.535244536054439E-002
  0.257812500000000      -0.176207493061390      -2.375746140099421E-002
  0.265625000000000      -0.177967262898213      -2.027050495645643E-002
  0.273437500000000      -0.180633009249934      -1.613646832449997E-002
  0.281250000000000      -0.187771115155250      -9.695696068257084E-003
  0.289062500000000      -0.196230484761565      -1.125733404052047E-002
  0.296875000000000      -0.203239912558518      -1.144008611427715E-002
  0.304687500000000      -0.214365609746808      -1.273413253288211E-002
  0.312500000000000      -0.220428673943241      -2.311380324093962E-002
  0.320312500000000      -0.222698608117877      -2.925910435232011E-002
  0.328125000000000      -0.224944886993178      -3.424018746074756E-002
  0.335937500000000      -0.226653346128721      -3.881152656055561E-002
  0.343750000000000      -0.228876104092796      -4.239862971714702E-002
  0.351562500000000      -0.231919916746477      -4.597614489967274E-002
  0.359375000000000      -0.235993329031029      -5.001461548396643E-002
  0.367187500000000      -0.240897229840683      -5.535341623606994E-002
  0.375000000000000      -0.246631956797534      -6.279603287641712E-002
  0.382812500000000      -0.252225802658303      -7.515639625222581E-002
  0.390625000000000      -0.247663550673534      -8.847646020380853E-002
  0.398437500000000      -0.244557325766074      -9.668331973519595E-002
  0.406250000000000      -0.241600086680343      -0.105432968222856     
  0.414062500000000      -0.235953475037406      -0.115915157206202     
  0.421875000000000      -0.226856295388271      -0.119488070456192     
  0.429687500000000      -0.221270635999093      -0.121638779674255     
  0.437500000000000      -0.216802957465106      -0.123138920674132     
  0.445312500000000      -0.214219087411166      -0.122115969578014     
  0.453125000000000      -0.215853081168060      -0.125250065313986     
  0.460937500000000      -0.216036337625420      -0.129804505656168     
  0.468750000000000      -0.216116285625949      -0.134915240727190     
  0.476562500000000      -0.217099454148751      -0.140736412060419     
  0.484375000000000      -0.218841210798191      -0.150184021410545     
  0.492187500000000      -0.219547440128635      -0.162811796554553     
  0.500000000000000      -0.218867838508918      -0.180839298284864     
  0.507812500000000      -0.213266476684552      -0.210069014028983     
  0.515625000000000      -0.163599563553517      -0.258246178565272     
  0.523437500000000      -9.699887839672494E-002 -0.218301607125071     
  0.531250000000000      -9.103935972862019E-002 -0.176901563428359     
  0.539062500000000      -9.615347207144906E-002 -0.155640948431005     
  0.546875000000000      -0.101549257919754      -0.141539011106005     
  0.554687500000000      -0.109917190061218      -0.135341891946925     
  0.562500000000000      -0.114008417416931      -0.133938736323250     
  0.570312500000000      -0.114429521535819      -0.133384209785842     
  0.578125000000000      -0.112675914352103      -0.131208002577305     
  0.585937500000000      -0.111842464906796      -0.125640335078781     
  0.593750000000000      -0.114695778814889      -0.122021101877106     
  0.601562500000000      -0.117393352084436      -0.120122602219603     
  0.609375000000000      -0.120028757287067      -0.119238380795298     
  0.617187500000000      -0.122788529122314      -0.119391504597112     
  0.625000000000000      -0.125175279624885      -0.122314278493544     
  0.632812500000000      -0.124110039403078      -0.124453328578144     
  0.640625000000000      -0.122991773778622      -0.125560151408159     
  0.648437500000000      -0.121862263215447      -0.126211317496642     
  0.656250000000000      -0.120802586823244      -0.126486082393867     
  0.664062500000000      -0.120122698322304      -0.126253634209817     
  0.671875000000000      -0.120491756133230      -0.126735050631062     
  0.679687500000000      -0.120525363516459      -0.127926816718377     
  0.687500000000000      -0.120302452676283      -0.129520064655109     
  0.695312500000000      -0.119844910363533      -0.131502864701719     
  0.703125000000000      -0.119214108935967      -0.134064991344502     
  0.710937500000000      -0.117194690309108      -0.138438248145444     
  0.718750000000000      -0.112849098844554      -0.141200108761893     
  0.726562500000000      -0.108095060269522      -0.142902537889410     
  0.734375000000000      -0.102873733286049      -0.143771979998392     
  0.742187500000000      -9.696232160308763E-002 -0.143695908969402     
  0.750000000000000      -8.969374571992549E-002 -0.141663852869669     
  0.757812500000000      -8.624971889286065E-002 -0.133983177055941     
  0.765625000000000      -8.626236393350306E-002 -0.130650177747894     
  0.773437500000000      -8.557406525731409E-002 -0.128610170086102     
  0.781250000000000      -8.429381513619695E-002 -0.126790737365375     
  0.789062500000000      -8.265370734366854E-002 -0.124587724977372     
  0.796875000000000      -8.122850402876172E-002 -0.121403472336557     
  0.804687500000000      -8.239266507730400E-002 -0.118424162085003     
  0.812500000000000      -8.250576464729928E-002 -0.117673119108822     
  0.820312500000000      -8.156695482361360E-002 -0.116886880776298     
  0.828125000000000      -7.983238258930771E-002 -0.115665928285327     
  0.835937500000000      -7.739849960116874E-002 -0.113587581689298     
  0.843750000000000      -7.437253806979630E-002 -0.109937896069770     
  0.851562500000000      -7.208556984532220E-002 -0.101860532684725     
  0.859375000000000      -7.593880227728923E-002 -9.582930171569332E-002
  0.867187500000000      -7.915923019861978E-002 -9.156013332771137E-002
  0.875000000000000      -8.240251499457009E-002 -8.736429566876756E-002
  0.882812500000000      -8.636319764485499E-002 -8.270993640133109E-002
  0.890625000000000      -9.215533553359037E-002 -7.747475935440275E-002
  0.898437500000000      -0.101967075579583      -7.251536927230347E-002
  0.906250000000000      -0.116148581348991      -7.746860157528178E-002
  0.914062500000000      -0.120366785763954      -8.382779915515051E-002
  0.921875000000000      -0.123381060658293      -8.796018023107514E-002
  0.929687500000000      -0.126094377807606      -9.106225920895503E-002
  0.937500000000000      -0.128873493298682      -9.347179690283701E-002
  0.945312500000000      -0.132073981375051      -9.529927098151589E-002
  0.953125000000000      -0.136383456478835      -9.656518565138743E-002
  0.960937500000000      -0.144097660071611      -9.956811201441335E-002
  0.968750000000000      -0.149219051553300      -0.106223193159157     
  0.976562500000000      -0.152719389679390      -0.112712552403725     
  0.984375000000000      -0.155379777535148      -0.118844971738698     
  0.992187500000000      -0.157643856427732      -0.124414525724163     
   1.00000000000000      -0.160044864723700      -0.129110074244634     
   1.00781250000000      -0.163686908007837      -0.132401992828388     
   1.01562500000000      -0.172792094193941      -0.133500757761060     
   1.02343750000000      -0.187603838270955      -0.147971246663413     
   1.03125000000000      -0.195146533626997      -0.166730275343283     
   1.03906250000000      -0.198609379213840      -0.187923964912793     
   1.04687500000000      -0.197947512945420      -0.211219679603362     
   1.05468750000000      -0.192530440473765      -0.236393576451019     
   1.06250000000000      -0.181058139042234      -0.263165678521193     
   1.07031250000000      -0.160870239454417      -0.290851164647330     
   1.07812500000000      -0.122126714674488      -0.314018947917019     
   1.08593750000000      -8.548427493487872E-002 -0.310166467757998     
   1.09375000000000      -5.896551350328524E-002 -0.301183482206167     
   1.10156250000000      -3.888510091579079E-002 -0.290074897654038     
   1.10937500000000      -2.365553680630315E-002 -0.278376543908919     
   1.11718750000000      -1.216860543085938E-002 -0.266901741769502     
   1.12500000000000      -3.660520688379651E-003 -0.256084016537647     
   1.13281250000000       2.277542972486660E-003 -0.246215980101546     
   1.14062500000000       5.089662380616901E-003 -0.237972068228137     
   1.14843750000000       9.256217312881555E-003 -0.234884738747863     
   1.15625000000000       1.524414277068214E-002 -0.230766317535695     
   1.16406250000000       2.154972155501580E-002 -0.226059317584627     
   1.17187500000000       2.787331061497665E-002 -0.220740711223918     
   1.17968750000000       3.399357743807118E-002 -0.214726475762764     
   1.18750000000000       3.966433622524823E-002 -0.207930238714341     
   1.19531250000000       4.458624489353537E-002 -0.200296932579373     
   1.20312500000000       4.852391006672535E-002 -0.191718951230503     
   1.21093750000000       4.840574086423524E-002 -0.180880713171485     
   1.21875000000000       4.569502729124984E-002 -0.175778122247108     
   1.22656250000000       4.443122976629323E-002 -0.172657987493943     
   1.23437500000000       4.415796392387609E-002 -0.170506308122975     
   1.24218750000000       4.473642192486755E-002 -0.169002220320589     
   1.25000000000000       4.620180651095235E-002 -0.167980200210485     
   1.25781250000000       4.873793847893837E-002 -0.167272030368385     
   1.26562500000000       5.270062222745558E-002 -0.166559270976662     
   1.27343750000000       5.869824198400787E-002 -0.165008851655041     
   1.28125000000000       6.559305734865127E-002 -0.158655259396583     
   1.28906250000000       6.820037046451415E-002 -0.152568213559238     
   1.29687500000000       7.071272233708835E-002 -0.147374095600887     
   1.30468750000000       7.332433996845403E-002 -0.142271500407127     
   1.31250000000000       7.599430894405612E-002 -0.136924762522488     
   1.32031250000000       7.860632878230842E-002 -0.131126222674585     
   1.32812500000000       8.099530961907896E-002 -0.124727515734168     
   1.33593750000000       8.294897431755432E-002 -0.117608766243384     
   1.34375000000000       8.418719140436026E-002 -0.109628088346987     
   1.35156250000000       8.420130496291216E-002 -0.100239113643032     
   1.35937500000000       7.975926919688556E-002 -9.177975475372126E-002
   1.36718750000000       7.544739522813242E-002 -8.604316328432160E-002
   1.37500000000000       7.127550419262760E-002 -8.141107721725310E-002
   1.38281250000000       6.718342816739342E-002 -7.760298339207050E-002
   1.39062500000000       6.315773390567403E-002 -7.451069262347008E-002
   1.39843750000000       5.920869899305434E-002 -7.209692810892199E-002
   1.40625000000000       5.536637741039977E-002 -7.037052441610984E-002
   1.41406250000000       5.168517051008176E-002 -6.939119456049962E-002
   1.42187500000000       4.826592576936486E-002 -6.932479906735033E-002
   1.42968750000000       4.544312648135575E-002 -7.097627058385038E-002
   1.43750000000000       4.633449821157802E-002 -7.193880075324513E-002
   1.44531250000000       4.680700698064189E-002 -7.123645032728593E-002
   1.45312500000000       4.708819580443909E-002 -7.001815492130307E-002
   1.46093750000000       4.723294474456286E-002 -6.848698878484834E-002
   1.46875000000000       4.725757523427962E-002 -6.672918950195336E-002
   1.47656250000000       4.716169493024389E-002 -6.478791825322101E-002
   1.48437500000000       4.693273131381882E-002 -6.268408368703028E-002
   1.49218750000000       4.654316673376063E-002 -6.042224383206846E-002
   1.50000000000000       4.593559418682826E-002 -5.798633870198250E-002
   1.50781250000000       4.494613485550591E-002 -5.530342126662631E-002
   1.51562500000000       4.273838261777485E-002 -5.308493770218372E-002
   1.52343750000000       4.117015101851714E-002 -5.188942187540332E-002
   1.53125000000000       3.995565577061218E-002 -5.068078553807472E-002
   1.53906250000000       3.888875610650961E-002 -4.941215999591188E-002
   1.54687500000000       3.787398897548548E-002 -4.807935199263278E-002
   1.55468750000000       3.685108837570286E-002 -4.669631168402132E-002
   1.56250000000000       3.578339380980246E-002 -4.529215664851310E-002
   1.57031250000000       3.466931210215406E-002 -4.390829323619593E-002
   1.57812500000000       3.358540935051855E-002 -4.257058998288758E-002
   1.58593750000000       3.277520510474242E-002 -4.111800905712720E-002
   1.59375000000000       3.244161360773277E-002 -3.826450636009760E-002
   1.60156250000000       2.634952034342310E-002 -3.374665956605841E-002
   1.60937500000000       1.952650480532221E-002 -3.750708793155515E-002
   1.61718750000000       1.975127019289124E-002 -4.464935481248036E-002
   1.62500000000000       2.563105446087242E-002 -4.680632252143631E-002
   1.63281250000000       3.016628527542829E-002 -4.347085149720665E-002
   1.64062500000000       3.151370545107784E-002 -3.842503956997362E-002
   1.64843750000000       3.055545017798167E-002 -3.354962449723546E-002
   1.65625000000000       2.811673134924136E-002 -2.935607274568997E-002
   1.66406250000000       2.462711081224843E-002 -2.596580505523270E-002
   1.67187500000000       2.025116237337556E-002 -2.347444725086230E-002
   1.67968750000000       1.492861724410224E-002 -2.212622714943286E-002
   1.68750000000000       7.876222664285466E-003 -2.376475182167322E-002
   1.69531250000000       5.825541114853724E-003 -2.819261282269497E-002
   1.70312500000000       5.112823575794574E-003 -3.092404210267572E-002
   1.71093750000000       4.941676869850971E-003 -3.289966048292242E-002
   1.71875000000000       5.099791637942866E-003 -3.433762854566563E-002
   1.72656250000000       5.474727761998399E-003 -3.532603540131768E-002
   1.73437500000000       5.986516992199783E-003 -3.590377376081742E-002
   1.74218750000000       6.565520990115451E-003 -3.608589124055647E-002
   1.75000000000000       7.141788733657901E-003 -3.587393411545329E-002
   1.75781250000000       7.637449654932363E-003 -3.525981758130454E-002
   1.76562500000000       7.957362774611964E-003 -3.422357298199286E-002
   1.77343750000000       7.967899244461289E-003 -3.271366460098300E-002
   1.78125000000000       7.342829913207155E-003 -3.038418059891406E-002
   1.78906250000000       4.795756457279763E-003 -2.890304050274121E-002
   1.79687500000000       2.363060911593579E-003 -2.837019768898673E-002
   1.80468750000000      -7.132122727236974E-005 -2.837218293903262E-002
   1.81250000000000      -2.501496222985119E-003 -2.886437610413189E-002
   1.82031250000000      -4.885235176353768E-003 -2.986455025091056E-002
   1.82812500000000      -7.145264140758657E-003 -3.141298901763245E-002
   1.83593750000000      -9.162940556479062E-003 -3.355183480159676E-002
   1.84375000000000      -1.077174479640047E-002 -3.630325382588132E-002
   1.85156250000000      -1.175768027423332E-002 -3.964056829429335E-002
   1.85937500000000      -1.187792736985794E-002 -4.345610203848436E-002
   1.86718750000000      -1.090611284725516E-002 -4.755170896326395E-002
   1.87500000000000      -8.671415117659974E-003 -5.174235046522952E-002
   1.88281250000000      -3.597261796859565E-003 -5.610381851274167E-002
   1.89062500000000       2.596970607225803E-003 -5.586580335605403E-002
   1.89843750000000       6.927157203798751E-003 -5.396153734680717E-002
   1.90625000000000       9.884430367625584E-003 -5.157063281528235E-002
   1.91406250000000       1.187704986871564E-002 -4.913840114758401E-002
   1.92187500000000       1.320767483991319E-002 -4.683685447378118E-002
   1.92968750000000       1.408532423796401E-002 -4.472044331772725E-002
   1.93750000000000       1.464964355196105E-002 -4.279481466189567E-002
   1.94531250000000       1.499245242243291E-002 -4.104837465432131E-002
   1.95312500000000       1.517364104561283E-002 -3.946718933378392E-002
   1.96093750000000       1.523224579626738E-002 -3.804285768716176E-002
   1.96875000000000       1.519408672850058E-002 -3.677888199757721E-002
   1.97656250000000       1.507646793181587E-002 -3.570317026766748E-002
   1.98437500000000       1.487439086457273E-002 -3.497840284437226E-002
   1.99218750000000       1.527846447818013E-002 -3.448575309657583E-002
   2.00000000000000       1.584004933323980E-002 -3.374124674116970E-002
   2.00781250000000       1.647831771064361E-002 -3.285174476658993E-002
   2.01562500000000       1.716726607803503E-002 -3.183055308683569E-002
   2.02343750000000       1.789066862849669E-002 -3.067653934557628E-002
   2.03125000000000       1.863544562041127E-002 -2.938259070893873E-002
   2.03906250000000       1.938933262965302E-002 -2.793784415185718E-002
   2.04687500000000       2.013974582081271E-002 -2.632803692989659E-002
   2.05468750000000       2.087298784073661E-002 -2.453468903803344E-002
   2.06250000000000       2.157333744961085E-002 -2.253282863668482E-002
   2.07031250000000       2.222144754048637E-002 -2.028585188538532E-002
   2.07812500000000       2.279059627294349E-002 -1.773271449829857E-002
   2.08593750000000       2.323459251776529E-002 -1.474515695349542E-002
   2.09375000000000       2.329322241412995E-002 -1.068295992644275E-002
   2.10156250000000       2.127742585602371E-002 -7.299191675339562E-003
   2.10937500000000       1.941936176574116E-002 -4.739145337220149E-003
   2.11718750000000       1.759082586652009E-002 -2.498720367207853E-003
   2.12500000000000       1.575915835803729E-002 -4.620976412465961E-004
   2.13281250000000       1.390797304826817E-002  1.423691662774541E-003
   2.14062500000000       1.202717640078537E-002  3.188371627408273E-003
   2.14843750000000       1.010977522276517E-002  4.850656732447308E-003
   2.15625000000000       8.150481690379205E-003  6.423406627423831E-003
   2.16406250000000       6.144959148782195E-003  7.916304297261782E-003
   2.17187500000000       4.089312106519300E-003  9.337593687176477E-003
   2.17968750000000       1.979617027820123E-003  1.069563630608785E-002
   2.18750000000000      -1.887216920738437E-004  1.200107266044682E-002
   2.19531250000000      -2.422338176057139E-003  1.327159955296533E-002
   2.20312500000000      -4.734915650463793E-003  1.455016235935348E-002
   2.21093750000000      -7.374882288700537E-003  1.596345839841854E-002
   2.21875000000000      -1.031417535091984E-002  1.692236880501756E-002
   2.22656250000000      -1.325738348923418E-002  1.765684466861418E-002
   2.23437500000000      -1.624349678979271E-002  1.822370309703670E-002
   2.24218750000000      -1.929136964704013E-002  1.863294890061532E-002
   2.25000000000000      -2.241393563446576E-002  1.888121728041370E-002
   2.25781250000000      -2.562154637719867E-002  1.895794334247456E-002
   2.26562500000000      -2.892331755944027E-002  1.884690947017349E-002
   2.27343750000000      -3.232787361107212E-002  1.852616896342042E-002
   2.28125000000000      -3.584392568088264E-002  1.796692312741544E-002
   2.28906250000000      -3.948094300558943E-002  1.713117870657114E-002
   2.29687500000000      -4.325026427584788E-002  1.596730141698454E-002
   2.30468750000000      -4.716742953568859E-002  1.440096578352749E-002
   2.31250000000000      -5.125809580786975E-002  1.231354445051548E-002
   2.32031250000000      -5.557767662867278E-002  9.472824114267780E-003
   2.32812500000000      -6.035925013446035E-002  4.997575997778574E-003
   2.33593750000000      -6.173470709743389E-002 -1.246227826118166E-003
   2.34375000000000      -6.226138183000010E-002 -5.964279323206217E-003
   2.35156250000000      -6.240382468069457E-002 -1.025325604329925E-002
   2.35937500000000      -6.218400866795060E-002 -1.428682098212649E-002
   2.36718750000000      -6.159893903830740E-002 -1.811813481100273E-002
   2.37500000000000      -6.063889601144446E-002 -2.175287155083333E-002
   2.38281250000000      -5.929383837892825E-002 -2.516962605525536E-002
   2.39062500000000      -5.755727092917631E-002 -2.832752439666543E-002
   2.39843750000000      -5.542957046149329E-002 -3.116944632310299E-002
   2.40625000000000      -5.292142654738514E-002 -3.362340332186026E-002
   2.41406250000000      -5.005770787271738E-002 -3.560287875879114E-002
   2.42187500000000      -4.688201690382403E-002 -3.700599931432642E-002
   2.42968750000000      -4.346240497489115E-002 -3.771205464044888E-002
   2.43750000000000      -3.989959813709482E-002 -3.756990226267253E-002
   2.44531250000000      -3.634287568812907E-002 -3.635454302006144E-002
   2.45312500000000      -3.304786730670678E-002 -3.348496508232958E-002
   2.46093750000000      -3.331521416282419E-002 -2.927660644331218E-002
   2.46875000000000      -3.436294711417218E-002 -2.746019914984744E-002
   2.47656250000000      -3.530521735669096E-002 -2.634784790043215E-002
   2.48437500000000      -3.617770165247306E-002 -2.561515618187129E-002
   2.49218750000000      -3.700068440978598E-002 -2.512664069612115E-002
   2.50000000000000      -3.778788059490850E-002 -2.481002241976133E-002
   2.53125000000000      -4.075677208325390E-002 -2.458912904939160E-002
   2.56250000000000      -4.376511504163681E-002 -2.539455044454654E-002
   2.59375000000000      -4.743385099923177E-002 -2.773114884153466E-002
   2.62500000000000      -4.949956551190676E-002 -3.146954104697289E-002
   2.65625000000000      -5.100865390304355E-002 -3.558502779333675E-002
   2.68750000000000      -5.175341184365621E-002 -4.051920318758511E-002
   2.71875000000000      -5.095929183537204E-002 -4.653776306734293E-002
   2.75000000000000      -4.643092380663608E-002 -5.115185817171725E-002
   2.78125000000000      -4.249164028665967E-002 -5.324012859845442E-002
   2.81250000000000      -3.882581225152713E-002 -5.438718414373134E-002
   2.84375000000000      -3.542173758040857E-002 -5.457433656075016E-002
   2.87500000000000      -3.313838975111190E-002 -5.339098684607227E-002
   2.90625000000000      -3.192859087206586E-002 -5.400842089944295E-002
   2.93750000000000      -2.961320271091490E-002 -5.441567760730608E-002
   2.96875000000000      -2.685424554787341E-002 -5.396513628941066E-002
   3.00000000000000      -2.415068066408118E-002 -5.214332169461209E-002
   3.03125000000000      -2.343831179332004E-002 -4.771501849506550E-002
   3.06250000000000      -2.603241897563602E-002 -4.662771918739064E-002
   3.09375000000000      -2.755597415640182E-002 -4.688600117307370E-002
   3.12500000000000      -2.858252544463856E-002 -4.763348795747172E-002
   3.15625000000000      -2.929538253078246E-002 -4.869591370702474E-002
   3.18750000000000      -2.973935193437706E-002 -5.014110072276137E-002
   3.21875000000000      -2.962910411445246E-002 -5.154287916526626E-002
   3.25000000000000      -2.952887774663166E-002 -5.303781937701967E-002
   3.28125000000000      -2.928103035775053E-002 -5.480134842954392E-002
   3.31250000000000      -2.877814118449362E-002 -5.694614364025050E-002
   3.34375000000000      -2.780318533586984E-002 -5.976095419869543E-002
   3.37500000000000      -2.425071436628349E-002 -6.300320036459053E-002
   3.40625000000000      -2.025794856919660E-002 -6.365865845089182E-002
   3.43750000000000      -1.669380428728904E-002 -6.337677640204251E-002
   3.46875000000000      -1.348970964542709E-002 -6.239648417144610E-002
   3.50000000000000      -1.069366903162893E-002 -6.077519230851121E-002
   3.53125000000000      -8.490059833528171E-003 -5.837953445238576E-002
   3.56250000000000      -7.982282107895682E-003 -5.615401807577114E-002
   3.59375000000000      -7.434049386047395E-003 -5.466774235183256E-002
   3.62500000000000      -6.925446781986718E-003 -5.329982886943133E-002
   3.65625000000000      -6.521897312545130E-003 -5.195809238426162E-002
   3.68750000000000      -6.286032053571185E-003 -5.059660366657193E-002
   3.71875000000000      -6.386076279870903E-003 -4.916498741420090E-002
   3.75000000000000      -6.884401079117471E-003 -4.838608730627620E-002
   3.78125000000000      -7.045848353353964E-003 -4.774303584105573E-002
   3.81250000000000      -7.164022874951301E-003 -4.707085765094719E-002
   3.84375000000000      -7.324487178489690E-003 -4.634562660261166E-002
   3.87500000000000      -7.610235506551633E-003 -4.553881526932314E-002
   3.90625000000000      -8.194318855279393E-003 -4.458339813906548E-002
   3.93750000000000      -9.745987135050040E-003 -4.417521908839079E-002
   3.96875000000000      -1.071693377911224E-002 -4.463321726169047E-002
   4.00000000000000      -1.134879967326745E-002 -4.519192546677542E-002
   4.03125000000000      -1.177468939300484E-002 -4.579238396397380E-002
   4.06250000000000      -1.205459852960104E-002 -4.640158753776630E-002
   4.09375000000000      -1.223439629773817E-002 -4.697851019893978E-002
   4.12500000000000      -1.243392043834154E-002 -4.735081734697070E-002
   4.15625000000000      -1.309312297667216E-002 -4.817286670024708E-002
   4.18750000000000      -1.344667280575335E-002 -4.936292422125260E-002
   4.21875000000000      -1.355600923011162E-002 -5.076552399852870E-002
   4.25000000000000      -1.340652979857575E-002 -5.235324763653448E-002
   4.28125000000000      -1.295343473143090E-002 -5.412677063904252E-002
   4.31250000000000      -1.209219232619624E-002 -5.612056304625910E-002
   4.34375000000000      -1.019636463807358E-002 -5.845151068894128E-002
   4.37500000000000      -7.740093951803547E-003 -5.920394466607502E-002
   4.40625000000000      -5.744633822161767E-003 -5.969908548556151E-002
   4.43750000000000      -3.876633459277452E-003 -6.011832387447235E-002
   4.46875000000000      -2.023030996091148E-003 -6.052754557405680E-002
   4.50000000000000      -8.563937534806457E-005 -6.098475420170597E-002
   4.53125000000000       2.088565573186458E-003 -6.157734119180068E-002
   4.56250000000000       4.984230063374688E-003 -6.256851618979119E-002
   4.59375000000000       9.819651178753715E-003 -6.157165725709834E-002
   4.62500000000000       1.314719528620659E-002 -5.911326165930302E-002
   4.65625000000000       1.568591092885782E-002 -5.623594935864848E-002
   4.68750000000000       1.757737712623319E-002 -5.303871629053108E-002
   4.71875000000000       1.883149164784255E-002 -4.955473575619165E-002
   4.75000000000000       1.936740562060753E-002 -4.577975416247281E-002
   4.78125000000000       1.892859126876334E-002 -4.164743899763344E-002
   4.81250000000000       1.577544368267014E-002 -3.746470341690761E-002
   4.84375000000000       1.266131778502258E-002 -3.701134915251363E-002
   4.87500000000000       1.072464615010755E-002 -3.697236442426965E-002
   4.90625000000000       9.317087743848809E-003 -3.711364367395079E-002
   4.93750000000000       8.250621128883345E-003 -3.736885880395203E-002
   4.96875000000000       7.438350558842290E-003 -3.770836995525102E-002
   5.00000000000000       6.836583632271989E-003 -3.811823069032699E-002
   5.03125000000000       6.433217828074663E-003 -3.859598376564526E-002
   5.06250000000000       6.339153945016797E-003 -3.911579748625311E-002
   5.09375000000000       6.332481589887352E-003 -3.939042410297406E-002
   5.12500000000000       6.320702601535677E-003 -3.967543883527332E-002
   5.15625000000000       6.351757619419256E-003 -3.999183222106131E-002
   5.18750000000000       6.443330677483740E-003 -4.035068877368506E-002
   5.21875000000000       6.611865668417902E-003 -4.076410898003318E-002
   5.25000000000000       6.881554505134535E-003 -4.125034036636040E-002
   5.28125000000000       7.300099903359577E-003 -4.184472343397119E-002
   5.31250000000000       8.021891211891388E-003 -4.265831251694469E-002
   5.34375000000000       9.667230136508888E-003 -4.296467661136975E-002
   5.37500000000000       1.095081309889677E-002 -4.261508701808924E-002
   5.40625000000000       1.203848610368117E-002 -4.208101766590566E-002
   5.43750000000000       1.298300416444042E-002 -4.141778778574778E-002
   5.46875000000000       1.380116221412746E-002 -4.065186873674079E-002
   5.50000000000000       1.449694529414163E-002 -3.979944204546883E-002
   5.53125000000000       1.506616351888263E-002 -3.887072981192018E-002
   5.56250000000000       1.549359900240261E-002 -3.786874947249521E-002
   5.59375000000000       1.571362117772761E-002 -3.676015074532038E-002
   5.62500000000000       1.559064198520445E-002 -3.591733024781413E-002
   5.65625000000000       1.555964704504943E-002 -3.521599176271574E-002
   5.68750000000000       1.553528447087181E-002 -3.455282959104076E-002
   5.71875000000000       1.549805406639273E-002 -3.391129632561081E-002
   5.75000000000000       1.543693672234765E-002 -3.328371866192618E-002
   5.78125000000000       1.534209971091421E-002 -3.266562861160324E-002
   5.81250000000000       1.520106680800617E-002 -3.205408372548343E-002
   5.84375000000000       1.499224860741304E-002 -3.144704361735288E-002
   5.87500000000000       1.465534439557148E-002 -3.084355720083253E-002
   5.90625000000000       1.411800012863196E-002 -3.055254125064581E-002
   5.93750000000000       1.383458422424285E-002 -3.040497327308938E-002
   5.96875000000000       1.363631677654908E-002 -3.025256372785992E-002
   6.00000000000000       1.348419732614307E-002 -3.009537973411603E-002
   6.03125000000000       1.336072562584702E-002 -2.993283397732149E-002
   6.06250000000000       1.325476478373605E-002 -2.976389519277034E-002
   6.09375000000000       1.315717562095001E-002 -2.958688229048901E-002
   6.12500000000000       1.305805170044170E-002 -2.939879487018552E-002
   6.15625000000000       1.294184408243924E-002 -2.919305176254404E-002
   6.18750000000000       1.275509930066362E-002 -2.894180633274895E-002
   6.21875000000000       1.242661451807466E-002 -2.890307022758515E-002
   6.25000000000000       1.223533224679968E-002 -2.895301658112277E-002
   6.28125000000000       1.210913553836284E-002 -2.903054385923364E-002
   6.31250000000000       1.203351669479634E-002 -2.912788264559792E-002
   6.34375000000000       1.200313090595694E-002 -2.924215656606855E-002
   6.37500000000000       1.201692341017646E-002 -2.937258461467323E-002
   6.40625000000000       1.207737919681111E-002 -2.951991476916420E-002
   6.43750000000000       1.219179009517510E-002 -2.968676641189123E-002
   6.46875000000000       1.237760731713898E-002 -2.987949801886698E-002
   6.50000000000000       1.269247962126470E-002 -3.011886392447904E-002
   6.53125000000000       1.330153332481997E-002 -3.011629987360222E-002
   6.56250000000000       1.371763289784727E-002 -2.990055787999992E-002
   6.59375000000000       1.404810398355205E-002 -2.965221988192283E-002
   6.62500000000000       1.432363365293040E-002 -2.938397355669654E-002
   6.65625000000000       1.455575874657405E-002 -2.910143004867327E-002
   6.68750000000000       1.474936189011969E-002 -2.880782084114341E-002
   6.71875000000000       1.490558375881836E-002 -2.850521986685605E-002
   6.75000000000000       1.502226332889192E-002 -2.819495139225043E-002
   6.78125000000000       1.509251529135701E-002 -2.787760125224438E-002
   6.81250000000000       1.509843154893448E-002 -2.755234650113112E-002
   6.84375000000000       1.495408497265544E-002 -2.720932016390760E-002
   6.87500000000000       1.473984366037578E-002 -2.722106330549816E-002
   6.90625000000000       1.470395342421366E-002 -2.726562151900781E-002
   6.93750000000000       1.473890576967342E-002 -2.731891911805542E-002
   6.96875000000000       1.482549110333630E-002 -2.737833761687235E-002
   7.00000000000000       1.495682593999384E-002 -2.744299011022438E-002
   7.03125000000000       1.513136809390026E-002 -2.751272004451846E-002
   7.06250000000000       1.535136234672422E-002 -2.758787765076345E-002
   7.09375000000000       1.562323310538155E-002 -2.766936693058093E-002
   7.12500000000000       1.596011949067537E-002 -2.775898037530897E-002
   7.15625000000000       1.639039605627574E-002 -2.786052837128216E-002
   7.18750000000000       1.700394770492895E-002 -2.798596963677088E-002
   7.21875000000000       1.795341833271502E-002 -2.766863921895177E-002
   7.25000000000000       1.853821099901414E-002 -2.709899635790288E-002
   7.28125000000000       1.897443295680498E-002 -2.650918634758939E-002
   7.31250000000000       1.931252302612885E-002 -2.590619708126746E-002
   7.34375000000000       1.957186125634740E-002 -2.529286081234975E-002
   7.37500000000000       1.976111039133922E-002 -2.467058722282459E-002
   7.40625000000000       1.988318697012835E-002 -2.404004611649953E-002
   7.43750000000000       1.993658263941316E-002 -2.340136824067595E-002
   7.46875000000000       1.991483288646648E-002 -2.275411495235040E-002
   7.50000000000000       1.980349243371928E-002 -2.209695936934474E-002
   7.53125000000000       1.956938833027705E-002 -2.142649062239543E-002
   7.56250000000000       1.908734502128720E-002 -2.072881941202831E-002
   7.59375000000000       1.835349027270613E-002 -2.061234428532996E-002
   7.62500000000000       1.796991307908535E-002 -2.062646554844722E-002
   7.65625000000000       1.770287974977657E-002 -2.065388151059988E-002
   7.68750000000000       1.750789040053978E-002 -2.068978019254548E-002
   7.71875000000000       1.736545256989787E-002 -2.073222174735738E-002
   7.75000000000000       1.726493187533839E-002 -2.078028902882025E-002
   7.78125000000000       1.719997033136232E-002 -2.083357791717787E-002
   7.81250000000000       1.716671306617100E-002 -2.089201628938082E-002
   7.84375000000000       1.716306355594496E-002 -2.095581447521696E-002
   7.87500000000000       1.718850700975701E-002 -2.102551462508372E-002
   7.90625000000000       1.724462606078013E-002 -2.110222194776571E-002
   7.93750000000000       1.733819458853287E-002 -2.118862023738439E-002
   7.96875000000000       1.750587881566446E-002 -2.125805854221986E-002
   8.00000000000000       1.766971779715779E-002 -2.127428475870263E-002
   8.03125000000000       1.783516254915473E-002 -2.128620004375356E-002
   8.06250000000000       1.801062329691728E-002 -2.129677387702036E-002
   8.09375000000000       1.819995752982689E-002 -2.130735985763323E-002
   8.12500000000000       1.840620183742609E-002 -2.131890442646954E-002
   8.15625000000000       1.863251359617783E-002 -2.133224453184480E-002
   8.18750000000000       1.888272469824757E-002 -2.134825270458967E-002
   8.21875000000000       1.916196036240486E-002 -2.136796241639456E-002
   8.25000000000000       1.947765677827214E-002 -2.139274309565411E-002
   8.28125000000000       1.984167638866428E-002 -2.142463916238755E-002
   8.31250000000000       2.027589741370757E-002 -2.146724076963786E-002
   8.34375000000000       2.083488798503576E-002 -2.152916370020863E-002
   8.37500000000000       2.176609758636210E-002 -2.139658905447565E-002
   8.40625000000000       2.245002680498831E-002 -2.084100336965062E-002
   8.43750000000000       2.296624354801993E-002 -2.025702078315076E-002
   8.46875000000000       2.338457266752599E-002 -1.965614225424889E-002
   8.50000000000000       2.372908219501958E-002 -1.904269560055532E-002
   8.53125000000000       2.401145473850921E-002 -1.841903384646446E-002
   8.56250000000000       2.423785467752293E-002 -1.778663621910945E-002
   8.59375000000000       2.441120394017927E-002 -1.714649154243625E-002
   8.62500000000000       2.453197972754865E-002 -1.649925464796526E-002
   8.65625000000000       2.459824998146409E-002 -1.584529720521940E-002
   8.68750000000000       2.460495438281335E-002 -1.518467421298082E-002
   8.71875000000000       2.454172653609983E-002 -1.451695104161906E-002
   8.75000000000000       2.438606205070262E-002 -1.384060061598154E-002
   8.78125000000000       2.406690791067195E-002 -1.314961964634508E-002
   8.81250000000000       2.347172617429179E-002 -1.281821370380392E-002
   8.84375000000000       2.316086385671191E-002 -1.268280379188454E-002
   8.87500000000000       2.295474424356755E-002 -1.255791646449710E-002
   8.90625000000000       2.281161731240014E-002 -1.243939201166781E-002
   8.93750000000000       2.271493502314331E-002 -1.232556626915726E-002
   8.96875000000000       2.265649774630919E-002 -1.221560163548331E-002
   9.00000000000000       2.263215849515635E-002 -1.210905928243048E-002
   9.03125000000000       2.264030361783740E-002 -1.200574570621262E-002
   9.06250000000000       2.268133576213918E-002 -1.190565738357690E-002
   9.09375000000000       2.275772443443038E-002 -1.180897918880335E-002
   9.12500000000000       2.287464709455833E-002 -1.171613594949625E-002
   9.15625000000000       2.304172809238883E-002 -1.162793967081882E-002
   9.18750000000000       2.327787436637971E-002 -1.154600401501968E-002
   9.21875000000000       2.363022992694358E-002 -1.147437561682543E-002
   9.25000000000000       2.433197242634502E-002 -1.124313441867651E-002
   9.28125000000000       2.480357386495013E-002 -1.056937546802034E-002
   9.31250000000000       2.509677912272822E-002 -9.878309848663549E-003
   9.34375000000000       2.528937825085424E-002 -9.177678408440557E-003
   9.37500000000000       2.540644531488477E-002 -8.470371802965185E-003
   9.40625000000000       2.545991303174704E-002 -7.758035838073048E-003
   9.43750000000000       2.545610837198041E-002 -7.041787721574324E-003
   9.46875000000000       2.539824686032516E-002 -6.322467406354348E-003
   9.50000000000000       2.528741199830011E-002 -5.600749850153848E-003
   9.53125000000000       2.512287931900176E-002 -4.877201975954102E-003
   9.56250000000000       2.490200722238572E-002 -4.152312289552753E-003
   9.59375000000000       2.461962583150790E-002 -3.426502120636145E-003
   9.62500000000000       2.426646502373514E-002 -2.700115077817054E-003
   9.65625000000000       2.382492147551830E-002 -1.973354649529665E-003
   9.68750000000000       2.325341094319208E-002 -1.245989694710103E-003
   9.71875000000000       2.233156049184765E-002 -6.376892963522266E-004
   9.75000000000000       2.158804550113116E-002 -5.118986101589662E-004
   9.78125000000000       2.101658658381340E-002 -3.917078937876260E-004
   9.81250000000000       2.052252090287584E-002 -2.745043346665183E-004
   9.84375000000000       2.007684183803206E-002 -1.594343578827577E-004
   9.87500000000000       1.966496470837928E-002 -4.605248576635315E-005
   9.90625000000000       1.927801253037998E-002  6.591715076904186E-005
   9.93750000000000       1.890992642406763E-002  1.766617645283324E-004
   9.96875000000000       1.855620418909261E-002  2.863154729468514E-004
   10.0000000000000       1.821324012399342E-002  3.949773104596101E-004
   11.0000000000000       1.655749102181220E-002  0.000000000000000E+000
   12.0000000000000       1.517770010332785E-002  0.000000000000000E+000
   13.0000000000000       1.401018471076417E-002  0.000000000000000E+000
   14.0000000000000       1.300945723142387E-002  0.000000000000000E+000
   15.0000000000000       1.214216008266228E-002  0.000000000000000E+000
   16.0000000000000       1.138327507749589E-002  0.000000000000000E+000
   17.0000000000000       1.071367066117260E-002  0.000000000000000E+000
   18.0000000000000       1.011846673555190E-002  0.000000000000000E+000
   19.0000000000000       9.585915854733378E-003  0.000000000000000E+000
   20.0000000000000       9.106620061996709E-003  0.000000000000000E+000
   21.0000000000000       8.672971487615913E-003  0.000000000000000E+000
   22.0000000000000       8.278745510906099E-003  0.000000000000000E+000
   23.0000000000000       7.918800053910182E-003  0.000000000000000E+000
   24.0000000000000       7.588850051663924E-003  0.000000000000000E+000
   25.0000000000000       7.285296049597367E-003  0.000000000000000E+000
   26.0000000000000       7.005092355382084E-003  0.000000000000000E+000
   27.0000000000000       6.745644490367932E-003  0.000000000000000E+000
   28.0000000000000       6.504728615711935E-003  0.000000000000000E+000
   29.0000000000000       6.280427628963248E-003  0.000000000000000E+000
   30.0000000000000       6.071080041331139E-003  0.000000000000000E+000
   31.0000000000000       5.875238749675296E-003  0.000000000000000E+000
   32.0000000000000       5.691637538747943E-003  0.000000000000000E+000
   33.0000000000000       5.519163673937399E-003  0.000000000000000E+000
   34.0000000000000       5.356835330586300E-003  0.000000000000000E+000
   35.0000000000000       5.203782892569548E-003  0.000000000000000E+000
   36.0000000000000       5.059233367775949E-003  0.000000000000000E+000
   37.0000000000000       4.922497330809032E-003  0.000000000000000E+000
   38.0000000000000       4.792957927366689E-003  0.000000000000000E+000
   39.0000000000000       4.670061570254722E-003  0.000000000000000E+000
   40.0000000000000       4.553310030998355E-003  0.000000000000000E+000
   41.0000000000000       4.442253688778882E-003  0.000000000000000E+000
   42.0000000000000       4.336485743807956E-003  0.000000000000000E+000
   43.0000000000000       4.235637238138005E-003  0.000000000000000E+000
   44.0000000000000       4.139372755453050E-003  0.000000000000000E+000
   45.0000000000000       4.047386694220760E-003  0.000000000000000E+000
   46.0000000000000       3.959400026955091E-003  0.000000000000000E+000
   47.0000000000000       3.875157473190089E-003  0.000000000000000E+000
   48.0000000000000       3.794425025831962E-003  0.000000000000000E+000
   49.0000000000000       3.716987780406820E-003  0.000000000000000E+000
   50.0000000000000       3.642648024798684E-003  0.000000000000000E+000
   51.0000000000000       3.571223553724200E-003  0.000000000000000E+000
   52.0000000000000       3.502546177691042E-003  0.000000000000000E+000
   53.0000000000000       3.436460400753475E-003  0.000000000000000E+000
   54.0000000000000       3.372822245183966E-003  0.000000000000000E+000
   55.0000000000000       3.311498204362440E-003  0.000000000000000E+000
   56.0000000000000       3.252364307855967E-003  0.000000000000000E+000
   57.0000000000000       3.195305284911126E-003  0.000000000000000E+000
   58.0000000000000       3.140213814481624E-003  0.000000000000000E+000
   59.0000000000000       3.086989851524308E-003  0.000000000000000E+000
   60.0000000000000       3.035540020665570E-003  0.000000000000000E+000
   61.0000000000000       2.985777069507118E-003  0.000000000000000E+000
   62.0000000000000       2.937619374837648E-003  0.000000000000000E+000
   63.0000000000000       2.890990495871971E-003  0.000000000000000E+000
   64.0000000000000       2.845818769373972E-003  0.000000000000000E+000
   65.0000000000000       2.802036942152834E-003  0.000000000000000E+000
   66.0000000000000       2.759581836968700E-003  0.000000000000000E+000
   67.0000000000000       2.718394048357226E-003  0.000000000000000E+000
   68.0000000000000       2.678417665293150E-003  0.000000000000000E+000
   69.0000000000000       2.639600017970061E-003  0.000000000000000E+000
   70.0000000000000       2.601891446284774E-003  0.000000000000000E+000
   71.0000000000000       2.565245087886397E-003  0.000000000000000E+000
   72.0000000000000       2.529616683887975E-003  0.000000000000000E+000
   73.0000000000000       2.494964400547044E-003  0.000000000000000E+000
   74.0000000000000       2.461248665404516E-003  0.000000000000000E+000
   75.0000000000000       2.428432016532456E-003  0.000000000000000E+000
   76.0000000000000       2.396478963683345E-003  0.000000000000000E+000
   77.0000000000000       2.365355860258885E-003  0.000000000000000E+000
   78.0000000000000       2.335030785127361E-003  0.000000000000000E+000
   79.0000000000000       2.305473433416888E-003  0.000000000000000E+000
   80.0000000000000       2.276655015499177E-003  0.000000000000000E+000
   81.0000000000000       2.248548163455977E-003  0.000000000000000E+000
   82.0000000000000       2.221126844389441E-003  0.000000000000000E+000
   83.0000000000000       2.194366279999207E-003  0.000000000000000E+000
   84.0000000000000       2.168242871903978E-003  0.000000000000000E+000
   85.0000000000000       2.142734132234520E-003  0.000000000000000E+000
   86.0000000000000       2.117818619069002E-003  0.000000000000000E+000
   87.0000000000000       2.093475876321083E-003  0.000000000000000E+000
   88.0000000000000       2.069686377726525E-003  0.000000000000000E+000
   89.0000000000000       2.046431474606002E-003  0.000000000000000E+000
   90.0000000000000       2.023693347110380E-003  0.000000000000000E+000
   91.0000000000000       2.001454958680596E-003  0.000000000000000E+000
   92.0000000000000       1.979700013477546E-003  0.000000000000000E+000
   93.0000000000000       1.958412916558432E-003  0.000000000000000E+000
   94.0000000000000       1.937578736595044E-003  0.000000000000000E+000
   95.0000000000000       1.917183170946676E-003  0.000000000000000E+000
   96.0000000000000       1.897212512915981E-003  0.000000000000000E+000
   97.0000000000000       1.877653621030249E-003  0.000000000000000E+000
   98.0000000000000       1.858493890203410E-003  0.000000000000000E+000
   99.0000000000000       1.839721224645800E-003  0.000000000000000E+000
   100.000000000000       1.821324012399342E-003  0.000000000000000E+000
   101.000000000000       1.803291101385487E-003  0.000000000000000E+000
   102.000000000000       1.785611776862100E-003  0.000000000000000E+000
   103.000000000000       1.768275740193536E-003  0.000000000000000E+000
   104.000000000000       1.751273088845521E-003  0.000000000000000E+000
   105.000000000000       1.734594297523183E-003  0.000000000000000E+000
   106.000000000000       1.718230200376738E-003  0.000000000000000E+000
   107.000000000000       1.702171974204992E-003  0.000000000000000E+000
   108.000000000000       1.686411122591983E-003  0.000000000000000E+000
   109.000000000000       1.670939460916827E-003  0.000000000000000E+000
   110.000000000000       1.655749102181220E-003  0.000000000000000E+000
   111.000000000000       1.640832443603011E-003  0.000000000000000E+000
   112.000000000000       1.626182153927984E-003  0.000000000000000E+000
   113.000000000000       1.611791161415347E-003  0.000000000000000E+000
   114.000000000000       1.597652642455563E-003  0.000000000000000E+000
   115.000000000000       1.583760010782036E-003  0.000000000000000E+000
   116.000000000000       1.570106907240812E-003  0.000000000000000E+000
   117.000000000000       1.556687190084908E-003  0.000000000000000E+000
   118.000000000000       1.543494925762154E-003  0.000000000000000E+000
   119.000000000000       1.530524380167514E-003  0.000000000000000E+000
   120.000000000000       1.517770010332785E-003  0.000000000000000E+000
   121.000000000000       1.505226456528382E-003  0.000000000000000E+000
   122.000000000000       1.492888534753559E-003  0.000000000000000E+000
   123.000000000000       1.480751229592961E-003  0.000000000000000E+000
   124.000000000000       1.468809687418824E-003  0.000000000000000E+000
   125.000000000000       1.457059209919473E-003  0.000000000000000E+000
   126.000000000000       1.445495247935986E-003  0.000000000000000E+000
   127.000000000000       1.434113395590033E-003  0.000000000000000E+000
   128.000000000000       1.422909384686986E-003  0.000000000000000E+000
   129.000000000000       1.411879079379335E-003  0.000000000000000E+000
   130.000000000000       1.401018471076417E-003  0.000000000000000E+000
   131.000000000000       1.390323673587284E-003  0.000000000000000E+000
   132.000000000000       1.379790918484350E-003  0.000000000000000E+000
   133.000000000000       1.369416550676197E-003  0.000000000000000E+000
   134.000000000000       1.359197024178613E-003  0.000000000000000E+000
   135.000000000000       1.349128898073587E-003  0.000000000000000E+000
   136.000000000000       1.339208832646575E-003  0.000000000000000E+000
   137.000000000000       1.329433585692950E-003  0.000000000000000E+000
   138.000000000000       1.319800008985030E-003  0.000000000000000E+000
   139.000000000000       1.310305044891613E-003  0.000000000000000E+000
   140.000000000000       1.300945723142387E-003  0.000000000000000E+000
   141.000000000000       1.291719157730030E-003  0.000000000000000E+000
   142.000000000000       1.282622543943198E-003  0.000000000000000E+000
   143.000000000000       1.273653155524015E-003  0.000000000000000E+000
   144.000000000000       1.264808341943987E-003  0.000000000000000E+000
   145.000000000000       1.256085525792650E-003  0.000000000000000E+000
   146.000000000000       1.247482200273522E-003  0.000000000000000E+000
   147.000000000000       1.238995926802273E-003  0.000000000000000E+000
   148.000000000000       1.230624332702258E-003  0.000000000000000E+000
   149.000000000000       1.222365108992847E-003  0.000000000000000E+000
   150.000000000000       1.214216008266228E-003  0.000000000000000E+000
   151.000000000000       1.206174842648571E-003  0.000000000000000E+000
   152.000000000000       1.198239481841672E-003  0.000000000000000E+000
   153.000000000000       1.190407851241400E-003  0.000000000000000E+000
   154.000000000000       1.182677930129443E-003  0.000000000000000E+000
   155.000000000000       1.175047749935059E-003  0.000000000000000E+000
   156.000000000000       1.167515392563681E-003  0.000000000000000E+000
   157.000000000000       1.160078988789390E-003  0.000000000000000E+000
   158.000000000000       1.152736716708444E-003  0.000000000000000E+000
   159.000000000000       1.145486800251158E-003  0.000000000000000E+000
   160.000000000000       1.138327507749589E-003  0.000000000000000E+000
   161.000000000000       1.131257150558597E-003  0.000000000000000E+000
   162.000000000000       1.124274081727989E-003  0.000000000000000E+000
   163.000000000000       1.117376694723523E-003  0.000000000000000E+000
   164.000000000000       1.110563422194721E-003  0.000000000000000E+000
   165.000000000000       1.103832734787480E-003  0.000000000000000E+000
   166.000000000000       1.097183139999604E-003  0.000000000000000E+000
   167.000000000000       1.090613181077450E-003  0.000000000000000E+000
   168.000000000000       1.084121435951989E-003  0.000000000000000E+000
   169.000000000000       1.077706516212628E-003  0.000000000000000E+000
   170.000000000000       1.071367066117260E-003  0.000000000000000E+000
   171.000000000000       1.065101761637042E-003  0.000000000000000E+000
   172.000000000000       1.058909309534501E-003  0.000000000000000E+000
   173.000000000000       1.052788446473608E-003  0.000000000000000E+000
   174.000000000000       1.046737938160541E-003  0.000000000000000E+000
   175.000000000000       1.040756578513910E-003  0.000000000000000E+000
   176.000000000000       1.034843188863262E-003  0.000000000000000E+000
   177.000000000000       1.028996617174769E-003  0.000000000000000E+000
   178.000000000000       1.023215737303001E-003  0.000000000000000E+000
   179.000000000000       1.017499448267789E-003  0.000000000000000E+000
   180.000000000000       1.011846673555190E-003  0.000000000000000E+000
   181.000000000000       1.006256360441625E-003  0.000000000000000E+000
   182.000000000000       1.000727479340298E-003  0.000000000000000E+000
   183.000000000000       9.952590231690392E-004  0.000000000000000E+000
   184.000000000000       9.898500067387728E-004  0.000000000000000E+000
   185.000000000000       9.844994661618064E-004  0.000000000000000E+000
   186.000000000000       9.792064582792161E-004  0.000000000000000E+000
   187.000000000000       9.739700601065999E-004  0.000000000000000E+000
   188.000000000000       9.687893682975222E-004  0.000000000000000E+000
   189.000000000000       9.636634986239904E-004  0.000000000000000E+000
   190.000000000000       9.585915854733378E-004  0.000000000000000E+000
   191.000000000000       9.535727813609119E-004  0.000000000000000E+000
   192.000000000000       9.486062564579905E-004  0.000000000000000E+000
   193.000000000000       9.436911981343740E-004  0.000000000000000E+000
   194.000000000000       9.388268105151247E-004  0.000000000000000E+000
   195.000000000000       9.340123140509446E-004  0.000000000000000E+000
   196.000000000000       9.292469451017050E-004  0.000000000000000E+000
   197.000000000000       9.245299555326608E-004  0.000000000000000E+000
   198.000000000000       9.198606123229000E-004  0.000000000000000E+000
   199.000000000000       9.152381971855989E-004  0.000000000000000E+000
   200.000000000000       9.106620061996709E-004  0.000000000000000E+000
   201.000000000000       9.061313494524089E-004  0.000000000000000E+000
   202.000000000000       9.016455506927434E-004  0.000000000000000E+000
   203.000000000000       8.972039469947497E-004  0.000000000000000E+000
   204.000000000000       8.928058884310500E-004  0.000000000000000E+000
   205.000000000000       8.884507377557765E-004  0.000000000000000E+000
   206.000000000000       8.841378700967679E-004  0.000000000000000E+000
   207.000000000000       8.798666726566868E-004  0.000000000000000E+000
   208.000000000000       8.756365444227605E-004  0.000000000000000E+000
   209.000000000000       8.714468958848525E-004  0.000000000000000E+000
   210.000000000000       8.672971487615913E-004  0.000000000000000E+000
   211.000000000000       8.631867357342852E-004  0.000000000000000E+000
   212.000000000000       8.591151001883688E-004  0.000000000000000E+000
   213.000000000000       8.550816959621323E-004  0.000000000000000E+000
   214.000000000000       8.510859871024962E-004  0.000000000000000E+000
   215.000000000000       8.471274476276008E-004  0.000000000000000E+000
   216.000000000000       8.432055612959915E-004  0.000000000000000E+000
   217.000000000000       8.393198213821852E-004  0.000000000000000E+000
   218.000000000000       8.354697304584137E-004  0.000000000000000E+000
   219.000000000000       8.316548001823478E-004  0.000000000000000E+000
   220.000000000000       8.278745510906099E-004  0.000000000000000E+000
   221.000000000000       8.241285123978923E-004  0.000000000000000E+000
   222.000000000000       8.204162218015054E-004  0.000000000000000E+000
   223.000000000000       8.167372252911847E-004  0.000000000000000E+000
   224.000000000000       8.130910769639919E-004  0.000000000000000E+000
   225.000000000000       8.094773388441519E-004  0.000000000000000E+000
   226.000000000000       8.058955807076734E-004  0.000000000000000E+000
   227.000000000000       8.023453799116043E-004  0.000000000000000E+000
   228.000000000000       7.988263212277816E-004  0.000000000000000E+000
   229.000000000000       7.953379966809353E-004  0.000000000000000E+000
   230.000000000000       7.918800053910182E-004  0.000000000000000E+000
   231.000000000000       7.884519534196285E-004  0.000000000000000E+000
   232.000000000000       7.850534536204060E-004  0.000000000000000E+000
   233.000000000000       7.816841254932798E-004  0.000000000000000E+000
   234.000000000000       7.783435950424538E-004  0.000000000000000E+000
   235.000000000000       7.750314946380177E-004  0.000000000000000E+000
   236.000000000000       7.717474628810770E-004  0.000000000000000E+000
   237.000000000000       7.684911444722962E-004  0.000000000000000E+000
   238.000000000000       7.652621900837571E-004  0.000000000000000E+000
   239.000000000000       7.620602562340343E-004  0.000000000000000E+000
   240.000000000000       7.588850051663924E-004  0.000000000000000E+000
   241.000000000000       7.557361047300173E-004  0.000000000000000E+000
   242.000000000000       7.526132282641908E-004  0.000000000000000E+000
   243.000000000000       7.495160544853258E-004  0.000000000000000E+000
   244.000000000000       7.464442673767794E-004  0.000000000000000E+000
   245.000000000000       7.433975560813640E-004  0.000000000000000E+000
   246.000000000000       7.403756147964804E-004  0.000000000000000E+000
   247.000000000000       7.373781426717983E-004  0.000000000000000E+000
   248.000000000000       7.344048437094120E-004  0.000000000000000E+000
   249.000000000000       7.314554266664023E-004  0.000000000000000E+000
   250.000000000000       7.285296049597367E-004  0.000000000000000E+000
   251.000000000000       7.256270965734430E-004  0.000000000000000E+000
   252.000000000000       7.227476239679928E-004  0.000000000000000E+000
   253.000000000000       7.198909139918347E-004  0.000000000000000E+000
   254.000000000000       7.170566977950164E-004  0.000000000000000E+000
   255.000000000000       7.142447107448399E-004  0.000000000000000E+000
   256.000000000000       7.114546923434929E-004  0.000000000000000E+000
   257.000000000000       7.086863861476038E-004  0.000000000000000E+000
   258.000000000000       7.059395396896674E-004  0.000000000000000E+000
   259.000000000000       7.032139044012902E-004  0.000000000000000E+000
   260.000000000000       7.005092355382084E-004  0.000000000000000E+000
   261.000000000000       6.978252921070275E-004  0.000000000000000E+000
   262.000000000000       6.951618367936419E-004  0.000000000000000E+000
   263.000000000000       6.925186358932859E-004  0.000000000000000E+000
   264.000000000000       6.898954592421749E-004  0.000000000000000E+000
   265.000000000000       6.872920801506950E-004  0.000000000000000E+000
   266.000000000000       6.847082753380985E-004  0.000000000000000E+000
   267.000000000000       6.821438248686674E-004  0.000000000000000E+000
   268.000000000000       6.795985120893066E-004  0.000000000000000E+000
   269.000000000000       6.770721235685286E-004  0.000000000000000E+000
   270.000000000000       6.745644490367933E-004  0.000000000000000E+000
   271.000000000000       6.720752813281705E-004  0.000000000000000E+000
   272.000000000000       6.696044163232874E-004  0.000000000000000E+000
   273.000000000000       6.671516528935318E-004  0.000000000000000E+000
   274.000000000000       6.647167928464751E-004  0.000000000000000E+000
   275.000000000000       6.622996408724880E-004  0.000000000000000E+000
   276.000000000000       6.599000044925151E-004  0.000000000000000E+000
   277.000000000000       6.575176940069826E-004  0.000000000000000E+000
   278.000000000000       6.551525224458064E-004  0.000000000000000E+000
   279.000000000000       6.528043055194773E-004  0.000000000000000E+000
   280.000000000000       6.504728615711935E-004  0.000000000000000E+000
   281.000000000000       6.481580115300149E-004  0.000000000000000E+000
   282.000000000000       6.458595788650149E-004  0.000000000000000E+000
   283.000000000000       6.435773895404035E-004  0.000000000000000E+000
   284.000000000000       6.413112719715992E-004  0.000000000000000E+000
   285.000000000000       6.390610569822252E-004  0.000000000000000E+000
   286.000000000000       6.368265777620077E-004  0.000000000000000E+000
   287.000000000000       6.346076698255546E-004  0.000000000000000E+000
   288.000000000000       6.324041709719937E-004  0.000000000000000E+000
   289.000000000000       6.302159212454469E-004  0.000000000000000E+000
   290.000000000000       6.280427628963248E-004  0.000000000000000E+000
   291.000000000000       6.258845403434164E-004  0.000000000000000E+000
   292.000000000000       6.237411001367609E-004  0.000000000000000E+000
   293.000000000000       6.216122909212771E-004  0.000000000000000E+000
   294.000000000000       6.194979634011366E-004  0.000000000000000E+000
   295.000000000000       6.173979703048616E-004  0.000000000000000E+000
   296.000000000000       6.153121663511290E-004  0.000000000000000E+000
   297.000000000000       6.132404082152666E-004  0.000000000000000E+000
   298.000000000000       6.111825544964234E-004  0.000000000000000E+000
   299.000000000000       6.091384656853986E-004  0.000000000000000E+000
   300.000000000000       6.071080041331140E-004  0.000000000000000E+000
   301.000000000000       6.050910340197149E-004  0.000000000000000E+000
   302.000000000000       6.030874213242853E-004  0.000000000000000E+000
   303.000000000000       6.010970337951623E-004  0.000000000000000E+000
   304.000000000000       5.991197409208361E-004  0.000000000000000E+000
   305.000000000000       5.971554139014236E-004  0.000000000000000E+000
   306.000000000000       5.952039256207000E-004  0.000000000000000E+000
   307.000000000000       5.932651506186782E-004  0.000000000000000E+000
   308.000000000000       5.913389650647213E-004  0.000000000000000E+000
   309.000000000000       5.894252467311785E-004  0.000000000000000E+000
   310.000000000000       5.875238749675296E-004  0.000000000000000E+000
