  0.000000000000000E+000 -0.390943918384897      -3.146395255249789E-018
  7.812500000000000E-003 -0.391103745472182      -7.997029012776733E-004
  1.562500000000000E-002 -0.391413134244103      -1.718055683244373E-003
  2.343750000000000E-002 -0.391986620974071      -2.653919633219244E-003
  3.125000000000000E-002 -0.392648999215904      -3.367215931045647E-003
  3.906250000000000E-002 -0.394124986534091      -4.088166308928378E-003
  4.687500000000000E-002 -0.396331650280560      -4.973255712277453E-003
  5.468750000000000E-002 -0.401218028308233      -4.397118094727780E-003
  6.250000000000000E-002 -0.415579734931653      -8.032397454028808E-003
  7.031250000000000E-002 -0.193459750832928      -6.539212624682542E-002
  7.812500000000000E-002 -0.363136565907974      -3.137622812998810E-002
  8.593750000000000E-002 -0.370945261537313      -1.985153137290685E-003
  9.375000000000000E-002 -0.383971107349138      -8.032451724045272E-004
  0.101562500000000      -0.392331621273522      -4.217382075292661E-003
  0.109375000000000      -0.397210428820952      -7.207459383379433E-003
  0.117187500000000      -0.401427383900522      -1.061674103190205E-002
  0.125000000000000      -0.405953708355115      -1.377870650783628E-002
  0.132812500000000      -0.410803036446732      -1.958552331755995E-002
  0.140625000000000      -0.415290093516484      -2.840744316967807E-002
  0.148437500000000      -0.412588361361416      -3.821120170307252E-002
  0.156250000000000      -0.406331815529827      -4.630167182650967E-002
  0.164062500000000      -0.401852271870514      -4.517068169900195E-002
  0.171875000000000      -0.400352465859059      -4.966286340950386E-002
  0.179687500000000      -0.392228822844336      -5.066856575030333E-002
  0.187500000000000      -0.389723765839349      -4.793343775484425E-002
  0.195312500000000      -0.388724404634049      -4.526560654793914E-002
  0.203125000000000      -0.389771594454647      -4.389075255146941E-002
  0.210937500000000      -0.390529310204723      -4.292496976899899E-002
  0.218750000000000      -0.392293477379410      -4.217362381808464E-002
  0.226562500000000      -0.393475283133268      -4.202672843958574E-002
  0.234375000000000      -0.394903141983873      -4.069856864785818E-002
  0.242187500000000      -0.399279460440826      -3.984427356661958E-002
  0.250000000000000      -0.403076608459273      -4.085751374178113E-002
  0.257812500000000      -0.407132446241543      -4.202002853322587E-002
  0.265625000000000      -0.410991648040756      -4.510616939018731E-002
  0.273437500000000      -0.413686360158902      -4.772410779857097E-002
  0.281250000000000      -0.416826381514671      -4.946306532312169E-002
  0.289062500000000      -0.420346276885710      -5.349799160864135E-002
  0.296875000000000      -0.421749655989994      -5.631775946516084E-002
  0.304687500000000      -0.423628092690229      -5.497686833868320E-002
  0.312500000000000      -0.434006017661366      -5.731657033104050E-002
  0.320312500000000      -0.440984278826759      -6.409478904983280E-002
  0.328125000000000      -0.446532800644240      -7.203746021024061E-002
  0.335937500000000      -0.449860453895452      -8.131147103397809E-002
  0.343750000000000      -0.452054638579469      -8.962931776458587E-002
  0.351562500000000      -0.453995205053241      -9.809198366860893E-002
  0.359375000000000      -0.454659352151582      -0.107363445865075     
  0.367187500000000      -0.454983298927611      -0.115003626651030     
  0.375000000000000      -0.456352985860062      -0.123332392519462     
  0.382812500000000      -0.457795850223338      -0.134196734664209     
  0.390625000000000      -0.454738391263968      -0.145600078465363     
  0.398437500000000      -0.452012808071996      -0.155629047462392     
  0.406250000000000      -0.448503790987156      -0.166607198513101     
  0.414062500000000      -0.441809883978042      -0.179489837752249     
  0.421875000000000      -0.431252969061145      -0.185679675839826     
  0.429687500000000      -0.423936553749829      -0.190707546190273     
  0.437500000000000      -0.417503541068590      -0.195920486312361     
  0.445312500000000      -0.411164364805272      -0.202486149642695     
  0.453125000000000      -0.401838467065645      -0.207507240992372     
  0.460937500000000      -0.393497474360552      -0.211103678725951     
  0.468750000000000      -0.385441083050569      -0.214820112099492     
  0.476562500000000      -0.374749401968982      -0.219332186947061     
  0.484375000000000      -0.365137138323846      -0.217490457110901     
  0.492187500000000      -0.357341506973399      -0.217992770825342     
  0.500000000000000      -0.348009161506637      -0.218539062706308     
  0.507812500000000      -0.337072586493564      -0.215916973166815     
  0.515625000000000      -0.333309677300964      -0.215602128152375     
  0.523437500000000      -0.315158265249697      -0.210302610286612     
  0.531250000000000      -0.308631012009365      -0.196679311099427     
  0.539062500000000      -0.307740542272749      -0.186017887817411     
  0.546875000000000      -0.309099615251335      -0.177351382390009     
  0.554687500000000      -0.312526554520738      -0.172158456704736     
  0.562500000000000      -0.314811407183853      -0.169004566308268     
  0.570312500000000      -0.316243322304944      -0.166388040883790     
  0.578125000000000      -0.317319617586387      -0.163350035713406     
  0.585937500000000      -0.320589553258080      -0.159353689003744     
  0.593750000000000      -0.324352093112331      -0.159056467937325     
  0.601562500000000      -0.326736476402427      -0.159424265470019     
  0.609375000000000      -0.328368250060996      -0.159992977677359     
  0.617187500000000      -0.329427684502163      -0.160675403865908     
  0.625000000000000      -0.329345972829379      -0.161297209225268     
  0.632812500000000      -0.329390943701574      -0.160453627942842     
  0.640625000000000      -0.329917335332456      -0.159318614523494     
  0.648437500000000      -0.330855330921153      -0.157868612886897     
  0.656250000000000      -0.332366905991464      -0.156030963720194     
  0.664062500000000      -0.335106541132239      -0.153450500215987     
  0.671875000000000      -0.339968143335240      -0.153363846408991     
  0.679687500000000      -0.343526417394145      -0.154158783131058     
  0.687500000000000      -0.346781453756651      -0.155046429066052     
  0.695312500000000      -0.350104333797074      -0.155934896081063     
  0.703125000000000      -0.353938819590781      -0.156868055457575     
  0.710937500000000      -0.358799227871211      -0.159534333530004     
  0.718750000000000      -0.361681618385454      -0.162824977124506     
  0.726562500000000      -0.364323846422822      -0.165682643619201     
  0.734375000000000      -0.367042934360141      -0.168513851626595     
  0.742187500000000      -0.369711194970779      -0.171593476214189     
  0.750000000000000      -0.371754040901190      -0.174500752162508     
  0.757812500000000      -0.376066859244559      -0.176217180988864     
  0.765625000000000      -0.380298025076844      -0.181024401350501     
  0.773437500000000      -0.383405469614990      -0.186437911135714     
  0.781250000000000      -0.385767342582354      -0.192002168894488     
  0.789062500000000      -0.387713376052410      -0.197501409137608     
  0.796875000000000      -0.389962597865213      -0.202958090872090     
  0.804687500000000      -0.392011270982770      -0.211413698184004     
  0.812500000000000      -0.390749485564819      -0.218860846533127     
  0.820312500000000      -0.388775400381848      -0.225363773824156     
  0.828125000000000      -0.386038979624525      -0.231196394529410     
  0.835937500000000      -0.382288562320224      -0.236187891273093     
  0.843750000000000      -0.377043251287013      -0.239524635341709     
  0.851562500000000      -0.370992063303606      -0.235980532959676     
  0.859375000000000      -0.374909698925683      -0.234377600109956     
  0.867187500000000      -0.377639211780336      -0.236140469116230     
  0.875000000000000      -0.379618717259767      -0.238689179841997     
  0.882812500000000      -0.381155557673597      -0.241260428242047     
  0.890625000000000      -0.382649061143296      -0.243297400276223     
  0.898437500000000      -0.385149927414684      -0.244096611004012     
  0.906250000000000      -0.392715770322772      -0.247339493598383     
  0.914062500000000      -0.395884048598606      -0.254412931054506     
  0.921875000000000      -0.397652136996061      -0.260493737162207     
  0.929687500000000      -0.398936619368482      -0.265837728846902     
  0.937500000000000      -0.400162141698818      -0.270435444368641     
  0.945312500000000      -0.401769695121807      -0.274195081786924     
  0.953125000000000      -0.404531783301018      -0.277009278309569     
  0.960937500000000      -0.410249100327837      -0.280798217536849     
  0.968750000000000      -0.415026656257617      -0.286158182273959     
  0.976562500000000      -0.420388187347798      -0.291164959802836     
  0.984375000000000      -0.427174286386315      -0.296064398983235     
  0.992187500000000      -0.436275675469959      -0.301252403179287     
   1.00000000000000      -0.448905722422500      -0.307584522009794     
   1.00781250000000      -0.466916030941778      -0.317079834869421     
   1.01562500000000      -0.493962701506658      -0.336720433050197     
   1.02343750000000      -0.506067131853284      -0.377716994270336     
   1.03125000000000      -0.507365000181048      -0.414317732979325     
   1.03906250000000      -0.503255520231064      -0.450273695864044     
   1.04687500000000      -0.494321031776368      -0.486320353728709     
   1.05468750000000      -0.480253129367805      -0.522958013012771     
   1.06250000000000      -0.459799922200439      -0.560564338640382     
   1.07031250000000      -0.430011024194032      -0.599202894289139     
   1.07812500000000      -0.378737150814736      -0.635148880202354     
   1.08593750000000      -0.325057108636528      -0.638339078000663     
   1.09375000000000      -0.282731463219718      -0.633094542894077     
   1.10156250000000      -0.247613097435160      -0.623560351140898     
   1.10937500000000      -0.218075535708890      -0.611591853952645     
   1.11718750000000      -0.193065044097342      -0.598135559259816     
   1.12500000000000      -0.171933707795781      -0.583646216311828     
   1.13281250000000      -0.154473056994427      -0.568289539767284     
   1.14062500000000      -0.141666510351674      -0.551873530827811     
   1.14843750000000      -0.133642263355412      -0.540475216395325     
   1.15625000000000      -0.124667316568813      -0.530797519885454     
   1.16406250000000      -0.115883414034815      -0.521658956599119     
   1.17187500000000      -0.107504771537783      -0.512749086767370     
   1.17968750000000      -9.966626192693230E-002 -0.503944633959663     
   1.18750000000000      -9.241786024504563E-002 -0.495310027355382     
   1.19531250000000      -8.539123220772768E-002 -0.487179684755776     
   1.20312500000000      -7.581264935829575E-002 -0.479504496607660     
   1.21093750000000      -6.794558045763766E-002 -0.455615005858132     
   1.21875000000000      -7.810426420413502E-002 -0.444546375722154     
   1.22656250000000      -8.459072800865337E-002 -0.441452909583778     
   1.23437500000000      -8.807926655021081E-002 -0.441559146965246     
   1.24218750000000      -8.912446744482251E-002 -0.443472167179107     
   1.25000000000000      -8.789458802012021E-002 -0.446576671028248     
   1.25781250000000      -8.425671362077496E-002 -0.450438486263590     
   1.26562500000000      -7.778911155926876E-002 -0.454515231421302     
   1.27343750000000      -6.764773929122476E-002 -0.457739158321123     
   1.28125000000000      -5.365426547041101E-002 -0.454659081935667     
   1.28906250000000      -4.534720807533048E-002 -0.448679919102029     
   1.29687500000000      -3.809279874450867E-002 -0.443449721813970     
   1.30468750000000      -3.108288915491702E-002 -0.438224491845469     
   1.31250000000000      -2.413803254005195E-002 -0.432622371331346     
   1.32031250000000      -1.726919011080382E-002 -0.426347366450040     
   1.32812500000000      -1.060140791259824E-002 -0.419119661058464     
   1.33593750000000      -4.373784262047433E-003 -0.410622008673713     
   1.34375000000000       9.866425312527382E-004 -0.400373373776383     
   1.35156250000000       4.321810959452324E-003 -0.386808998114053     
   1.35937500000000      -1.404273002250989E-003 -0.375731422622997     
   1.36718750000000      -5.606649255739699E-003 -0.369812416579359     
   1.37500000000000      -8.931920361565581E-003 -0.365459554719843     
   1.38281250000000      -1.170440419043589E-002 -0.362058587731974     
   1.39062500000000      -1.410007195785131E-002 -0.359339812102546     
   1.39843750000000      -1.624442151543341E-002 -0.357169852796107     
   1.40625000000000      -1.824451095822809E-002 -0.355499015055061     
   1.41406250000000      -2.020707425618377E-002 -0.354360669656330     
   1.42187500000000      -2.225988250997586E-002 -0.353938775190724     
   1.42968750000000      -2.463092619032529E-002 -0.355196421220424     
   1.43750000000000      -2.347873541479208E-002 -0.357558887040136     
   1.44531250000000      -2.185621154749121E-002 -0.358397086111351     
   1.45312500000000      -2.005712729554219E-002 -0.358690380171388     
   1.46093750000000      -1.818402409930588E-002 -0.358599961389610     
   1.46875000000000      -1.633013407376481E-002 -0.358200187884545     
   1.47656250000000      -1.459492439483695E-002 -0.357543172400726     
   1.48437500000000      -1.309758777893554E-002 -0.356682233053542     
   1.49218750000000      -1.199960249549276E-002 -0.355691206060544     
   1.50000000000000      -1.156238903142762E-002 -0.354700806563778     
   1.50781250000000      -1.239828916787517E-002 -0.354045671672324     
   1.51562500000000      -1.444722624684545E-002 -0.357320822195764     
   1.52343750000000      -1.257989432417450E-002 -0.361421388795342     
   1.53125000000000      -9.442613192966354E-003 -0.364928480006564     
   1.53906250000000      -5.379791493250266E-003 -0.368050132180790     
   1.54687500000000      -4.576069000467379E-004 -0.370808984363177     
   1.55468750000000       5.352321794613773E-003 -0.373138019978572     
   1.56250000000000       1.213178855000237E-002 -0.374873967439009     
   1.57031250000000       1.999418862608281E-002 -0.375704609529964     
   1.57812500000000       2.904554057885731E-002 -0.375041289154210     
   1.58593750000000       3.925168364088153E-002 -0.371674336896961     
   1.59375000000000       4.964940233470826E-002 -0.362345492643074     
   1.60156250000000       4.407064997503896E-002 -0.346609580780673     
   1.60937500000000       3.290635004068905E-002 -0.350641432162264     
   1.61718750000000       3.554770219344519E-002 -0.366060184727942     
   1.62500000000000       5.359632962091584E-002 -0.373845847704262     
   1.63281250000000       7.226191395953015E-002 -0.368823824123778     
   1.64062500000000       8.554951215495740E-002 -0.357944991487829     
   1.64843750000000       9.438120703529178E-002 -0.345488989718277     
   1.65625000000000       0.100269174331357      -0.332688807196394     
   1.66406250000000       0.104050478616275      -0.319618272330764     
   1.67187500000000       0.105952081500893      -0.305942188348094     
   1.67968750000000       0.105538737832041      -0.290974871134620     
   1.68750000000000       9.838466106639232E-002 -0.272770747499742     
   1.69531250000000       8.552462954149964E-002 -0.266261506931916     
   1.70312500000000       7.649568904786760E-002 -0.262793629681565     
   1.71093750000000       6.906167210439647E-002 -0.260600057755631     
   1.71875000000000       6.260107475492185E-002 -0.259206180523218     
   1.72656250000000       5.678950882909797E-002 -0.258392693745876     
   1.73437500000000       5.141388301676229E-002 -0.258044562329333     
   1.74218750000000       4.630978432163629E-002 -0.258104501307797     
   1.75000000000000       4.132999689092699E-002 -0.258557799941435     
   1.75781250000000       3.632004825947231E-002 -0.259434692895031     
   1.76562500000000       3.108544828721640E-002 -0.260837561252634     
   1.77343750000000       2.531493727811399E-002 -0.263052192849673     
   1.78125000000000       1.811659846257736E-002 -0.267765756784787     
   1.78906250000000       1.571410123531609E-002 -0.274607235971518     
   1.79687500000000       1.338354307111059E-002 -0.279931119753418     
   1.80468750000000       1.082932859159512E-002 -0.285466517485807     
   1.81250000000000       8.105443922366562E-003 -0.291846767857994     
   1.82031250000000       5.436294877704019E-003 -0.299610748441634     
   1.82812500000000       3.279440933930998E-003 -0.309273208685320     
   1.83593750000000       2.419943298544111E-003 -0.321256063533116     
   1.84375000000000       4.037268169513495E-003 -0.335691840713446     
   1.85156250000000       9.629528330062830E-003 -0.352103793487331     
   1.85937500000000       2.065386215279579E-002 -0.369092908388989     
   1.86718750000000       3.791459988828853E-002 -0.384326077551179     
   1.87500000000000       6.115364428649391E-002 -0.394986060211622     
   1.88281250000000       8.958377679942078E-002 -0.396113403903481     
   1.89062500000000       0.111624254463799      -0.387271699047295     
   1.89843750000000       0.127873298467770      -0.376477881203230     
   1.90625000000000       0.140205436687520      -0.365465146569834     
   1.91406250000000       0.149895672717317      -0.354878014732137     
   1.92187500000000       0.157808250246794      -0.344875182957627     
   1.92968750000000       0.164505674234980      -0.335413751849695     
   1.93750000000000       0.170342039868498      -0.326378686114674     
   1.94531250000000       0.175530194979378      -0.317639394513695     
   1.95312500000000       0.180185695657131      -0.309073462334822     
   1.96093750000000       0.184353382624365      -0.300576225476497     
   1.96875000000000       0.188019925717642      -0.292064594150244     
   1.97656250000000       0.191106626039753      -0.283477683069437     
   1.98437500000000       0.193296390648756      -0.274734100238870     
   1.99218750000000       0.194666543316992      -0.267070109415637     
   2.00000000000000       0.196183095801829      -0.259692013487803     
   2.00781250000000       0.197594844075906      -0.252385111654536     
   2.01562500000000       0.198822241604055      -0.245087595662109     
   2.02343750000000       0.199812969524574      -0.237768533357385     
   2.03125000000000       0.200523025510506      -0.230411330757101     
   2.03906250000000       0.200910177051166      -0.223008437610853     
   2.04687500000000       0.200930470291460      -0.215559057085611     
   2.05468750000000       0.200535134892468      -0.208067802355624     
   2.06250000000000       0.199666063365826      -0.200543477530230     
   2.07031250000000       0.198246779692746      -0.192997308174157     
   2.07812500000000       0.196159932717815      -0.185439114188268     
   2.08593750000000       0.193170663817922      -0.177864301879011     
   2.09375000000000       0.188051678310289      -0.170219302188845     
   2.10156250000000       0.182435932333639      -0.166704237763728     
   2.10937500000000       0.178403366910851      -0.163634853203309     
   2.11718750000000       0.174980324027848      -0.160766916782738     
   2.12500000000000       0.171924770642305      -0.158038548272902     
   2.13281250000000       0.169116830358781      -0.155420008856389     
   2.14062500000000       0.166482751208384      -0.152894441482378     
   2.14843750000000       0.163970894597367      -0.150451864917610     
   2.15625000000000       0.161541340844617      -0.148086777220933     
   2.16406250000000       0.159160264264149      -0.145797187162460     
   2.17187500000000       0.156796029779673      -0.143584454448603     
   2.17968750000000       0.154415353328094      -0.141453896054030     
   2.18750000000000       0.151977516727901      -0.139416683922750     
   2.19531250000000       0.149421084269962      -0.137495196114548     
   2.20312500000000       0.146613138690210      -0.135743750672106     
   2.21093750000000       0.143225835274506      -0.134920858684392     
   2.21875000000000       0.141027620289778      -0.134881259546455     
   2.22656250000000       0.139342507285916      -0.134688415337957     
   2.23437500000000       0.137956105978005      -0.134399939448985     
   2.24218750000000       0.136785550973611      -0.134035022919700     
   2.25000000000000       0.135782924770340      -0.133603593244796     
   2.25781250000000       0.134915168875720      -0.133112285261341     
   2.26562500000000       0.134156923235568      -0.132566725897527     
   2.27343750000000       0.133487310661859      -0.131972829279422     
   2.28125000000000       0.132888330807848      -0.131337851727084     
   2.28906250000000       0.132344095013706      -0.130671569762875     
   2.29687500000000       0.131840681451042      -0.129987952584382     
   2.30468750000000       0.131366759669238      -0.129308047912776     
   2.31250000000000       0.130915880175310      -0.128666114629412     
   2.32031250000000       0.130494804592300      -0.128127367070912     
   2.32812500000000       0.130193191154111      -0.127906913965013     
   2.33593750000000       0.130662006720529      -0.127462814113277     
   2.34375000000000       0.131052945292933      -0.126667006367116     
   2.35156250000000       0.131453962818568      -0.125721843787844     
   2.35937500000000       0.131873549192715      -0.124648066384723     
   2.36718750000000       0.132307714934088      -0.123450925128864     
   2.37500000000000       0.132747606334702      -0.122130863975865     
   2.38281250000000       0.133181361485453      -0.120686609474210     
   2.39062500000000       0.133594673347910      -0.119116541607381     
   2.39843750000000       0.133970938860936      -0.117419519125255     
   2.40625000000000       0.134291233006657      -0.115595490173559     
   2.41406250000000       0.134534149934819      -0.113645978948720     
   2.42187500000000       0.134675415374438      -0.111574422915608     
   2.42968750000000       0.134686920532485      -0.109386194042173     
   2.43750000000000       0.134534041877622      -0.107087740288668     
   2.44531250000000       0.134166534293683      -0.104682379071385     
   2.45312500000000       0.133463082536308      -0.102139594733279     
   2.46093750000000       0.132044872247887      -0.100065852951613     
   2.46875000000000       0.130937114217974      -9.847354945879318E-002
   2.47656250000000       0.129965628855365      -9.697558447104329E-002
   2.48437500000000       0.129068091230452      -9.553062128635552E-002
   2.49218750000000       0.128216570369271      -9.412123393856160E-002
   2.50000000000000       0.127394801297898      -9.273823876845018E-002
   2.53125000000000       0.124226034970029      -8.739469850959912E-002
   2.56250000000000       0.121000290267465      -8.233878463501600E-002
   2.59375000000000       0.117634289253190      -7.796167577039906E-002
   2.62500000000000       0.114917613150149      -7.371215899423254E-002
   2.65625000000000       0.112076231964829      -6.926323237692300E-002
   2.68750000000000       0.108900688080557      -6.477230638649505E-002
   2.71875000000000       0.105080292546927      -6.035655529594854E-002
   2.75000000000000       0.100669148453906      -5.738606994335488E-002
   2.78125000000000       9.713706146320074E-002 -5.467996972548467E-002
   2.81250000000000       9.360748857394871E-002 -5.191504650355003E-002
   2.84375000000000       8.973695588155321E-002 -4.919515502577892E-002
   2.87500000000000       8.455030297546108E-002 -4.692602327197148E-002
   2.90625000000000       8.048330557729852E-002 -4.751373636209257E-002
   2.93750000000000       7.783751453715258E-002 -4.784174513758124E-002
   2.96875000000000       7.590402845902820E-002 -4.802117606186034E-002
   3.00000000000000       7.459154206253521E-002 -4.810631478139205E-002
   3.03125000000000       7.453560415192990E-002 -4.790044636635041E-002
   3.06250000000000       7.407614038484177E-002 -4.585339886196850E-002
   3.09375000000000       7.294684222172176E-002 -4.377382943268829E-002
   3.12500000000000       7.145646896876705E-002 -4.166648623896674E-002
   3.15625000000000       6.959522077022497E-002 -3.953207257299805E-002
   3.18750000000000       6.699549268535585E-002 -3.734509175391520E-002
   3.21875000000000       6.407039436979761E-002 -3.681505296313407E-002
   3.25000000000000       6.195353562023848E-002 -3.642459710742244E-002
   3.28125000000000       6.012137799336077E-002 -3.608680604703442E-002
   3.31250000000000       5.848706936025846E-002 -3.582317024179388E-002
   3.34375000000000       5.705350391572106E-002 -3.570104211984575E-002
   3.37500000000000       5.624729067804001E-002 -3.561108487092645E-002
   3.40625000000000       5.549539219745523E-002 -3.497493493678636E-002
   3.43750000000000       5.464794130039650E-002 -3.417547875215719E-002
   3.46875000000000       5.370839157062159E-002 -3.326750445184119E-002
   3.50000000000000       5.264245610800011E-002 -3.227408142739923E-002
   3.53125000000000       5.133102351431493E-002 -3.119665938552653E-002
   3.56250000000000       4.970160350880316E-002 -3.062290000272337E-002
   3.59375000000000       4.839440249268247E-002 -3.020500768251231E-002
   3.62500000000000       4.718408277660505E-002 -2.979745276406580E-002
   3.65625000000000       4.601427029461577E-002 -2.939921520396628E-002
   3.68750000000000       4.484475038563863E-002 -2.901773193591015E-002
   3.71875000000000       4.359532196425607E-002 -2.867526463666692E-002
   3.75000000000000       4.238274900524019E-002 -2.870768243070240E-002
   3.78125000000000       4.145099039119059E-002 -2.874648410870827E-002
   3.81250000000000       4.064596026227021E-002 -2.877022227160216E-002
   3.84375000000000       3.994524561936292E-002 -2.878808484135489E-002
   3.87500000000000       3.935285203489775E-002 -2.880950790855258E-002
   3.90625000000000       3.891933222661226E-002 -2.885330876457322E-002
   3.93750000000000       3.884076515197673E-002 -2.862248473942331E-002
   3.96875000000000       3.851695357946022E-002 -2.808717914817064E-002
   4.00000000000000       3.806276399841917E-002 -2.750783911337388E-002
   4.03125000000000       3.750788124950618E-002 -2.689671827929658E-002
   4.06250000000000       3.684554870536367E-002 -2.625796971230134E-002
   4.09375000000000       3.603567443280555E-002 -2.558947347214015E-002
   4.12500000000000       3.484107236507904E-002 -2.485931377736802E-002
   4.15625000000000       3.353104646517167E-002 -2.498823891060710E-002
   4.18750000000000       3.261093060339142E-002 -2.518944738013486E-002
   4.21875000000000       3.185968185315057E-002 -2.542459076548738E-002
   4.25000000000000       3.123699574199150E-002 -2.569232009800851E-002
   4.28125000000000       3.073742636861431E-002 -2.600000030180991E-002
   4.31250000000000       3.038848533319275E-002 -2.636744482691623E-002
   4.34375000000000       3.043516665639847E-002 -2.683671954607945E-002
   4.37500000000000       3.064389318631273E-002 -2.666164533398129E-002
   4.40625000000000       3.063759500317327E-002 -2.638232672631482E-002
   4.43750000000000       3.053716232461786E-002 -2.605601922420955E-002
   4.46875000000000       3.036818295660414E-002 -2.569946963587241E-002
   4.50000000000000       3.013716712890486E-002 -2.532213079657066E-002
   4.53125000000000       2.983822261740571E-002 -2.493111305570289E-002
   4.56250000000000       2.943253016855382E-002 -2.453325803950609E-002
   4.59375000000000       2.893215222031193E-002 -2.435263644959398E-002
   4.62500000000000       2.857081875785758E-002 -2.421387756118179E-002
   4.65625000000000       2.825121298062534E-002 -2.406974938230435E-002
   4.68750000000000       2.795581130301002E-002 -2.392226869245146E-002
   4.71875000000000       2.767829050855751E-002 -2.377383682918837E-002
   4.75000000000000       2.741746956294174E-002 -2.362761062386766E-002
   4.78125000000000       2.717869377496312E-002 -2.348899152768489E-002
   4.81250000000000       2.701464356158075E-002 -2.335436276424489E-002
   4.84375000000000       2.685020837667777E-002 -2.310650387943315E-002
   4.87500000000000       2.664397151267922E-002 -2.283925736198681E-002
   4.90625000000000       2.641005873182115E-002 -2.256074106717320E-002
   4.93750000000000       2.614910516971131E-002 -2.227391592520445E-002
   4.96875000000000       2.585708564184468E-002 -2.198047898049893E-002
   5.00000000000000       2.552437873472328E-002 -2.168140594460572E-002
   5.03125000000000       2.512722096185259E-002 -2.137652528685698E-002
   5.06250000000000       2.452999427382360E-002 -2.112353384101487E-002
   5.09375000000000       2.403121921964838E-002 -2.117915280663261E-002
   5.12500000000000       2.365782939777848E-002 -2.124571006009586E-002
   5.15625000000000       2.335095466476004E-002 -2.131976457751547E-002
   5.18750000000000       2.309561998482774E-002 -2.140209710169961E-002
   5.21875000000000       2.288796725751331E-002 -2.149493982464748E-002
   5.25000000000000       2.273158907368431E-002 -2.160226791531625E-002
   5.28125000000000       2.264145887184700E-002 -2.173184120378967E-002
   5.31250000000000       2.267616585315421E-002 -2.190715061241456E-002
   5.34375000000000       2.297053677217599E-002 -2.182815585233277E-002
   5.37500000000000       2.308150100879884E-002 -2.157379530668283E-002
   5.40625000000000       2.311324208123108E-002 -2.128412029906134E-002
   5.43750000000000       2.308828832121174E-002 -2.097027217966176E-002
   5.46875000000000       2.301287508316585E-002 -2.063752888502737E-002
   5.50000000000000       2.288622172262621E-002 -2.028906119692969E-002
   5.53125000000000       2.270106555265606E-002 -1.992680396828096E-002
   5.56250000000000       2.243765571722667E-002 -1.955117419286895E-002
   5.59375000000000       2.200930643593849E-002 -1.915482604724996E-002
   5.62500000000000       2.147284701626690E-002 -1.913413000672588E-002
   5.65625000000000       2.113469758729892E-002 -1.916042769568609E-002
   5.68750000000000       2.086696104914749E-002 -1.919415537684272E-002
   5.71875000000000       2.064661183944218E-002 -1.923282137353853E-002
   5.75000000000000       2.046458590051326E-002 -1.927573723187367E-002
   5.78125000000000       2.031768561220639E-002 -1.932300435618306E-002
   5.81250000000000       2.020709878060367E-002 -1.937539289357535E-002
   5.84375000000000       2.014041755293753E-002 -1.943476687845373E-002
   5.87500000000000       2.014665229350435E-002 -1.950671954898885E-002
   5.90625000000000       2.029375677222595E-002 -1.943524627235154E-002
   5.93750000000000       2.032350705470591E-002 -1.925972494719441E-002
   5.96875000000000       2.030520023022252E-002 -1.907435364657094E-002
   6.00000000000000       2.025600089928146E-002 -1.888276514009917E-002
   6.03125000000000       2.018149688088047E-002 -1.868656383747032E-002
   6.06250000000000       2.008304757254065E-002 -1.848665503931673E-002
   6.09375000000000       1.995913045941177E-002 -1.828355921395007E-002
   6.12500000000000       1.980465316517826E-002 -1.807744384671864E-002
   6.15625000000000       1.960673639588716E-002 -1.786781961400439E-002
   6.18750000000000       1.931025018769672E-002 -1.765047778683726E-002
   6.21875000000000       1.895336973327717E-002 -1.767679424933588E-002
   6.25000000000000       1.873182399725549E-002 -1.773310968146257E-002
   6.28125000000000       1.856076806670563E-002 -1.779423731685654E-002
   6.31250000000000       1.842499690925036E-002 -1.785905277291063E-002
   6.34375000000000       1.831844376928641E-002 -1.792729998370615E-002
   6.37500000000000       1.823874883271886E-002 -1.799911751604328E-002
   6.40625000000000       1.818599248263405E-002 -1.807497457251094E-002
   6.43750000000000       1.816291981883109E-002 -1.815580175972205E-002
   6.46875000000000       1.817725188954356E-002 -1.824351026306905E-002
   6.50000000000000       1.825550479637179E-002 -1.834381723309779E-002
   6.53125000000000       1.845205977830056E-002 -1.831963749744097E-002
   6.56250000000000       1.855516147656920E-002 -1.821476977673931E-002
   6.59375000000000       1.862398644484360E-002 -1.810136532602668E-002
   6.62500000000000       1.867315741640632E-002 -1.798276325920367E-002
   6.65625000000000       1.870855209444330E-002 -1.786048039288468E-002
   6.68750000000000       1.873319377525827E-002 -1.773543535266323E-002
   6.71875000000000       1.874875634361028E-002 -1.760827895717045E-002
   6.75000000000000       1.875608033814898E-002 -1.747952798726431E-002
   6.78125000000000       1.875527113546143E-002 -1.734963674526652E-002
   6.81250000000000       1.874526581447519E-002 -1.721905126767585E-002
   6.84375000000000       1.871886941399556E-002 -1.708824162942845E-002
   6.87500000000000       1.868816878689968E-002 -1.698921803762769E-002
   6.90625000000000       1.867147882872809E-002 -1.689034151782663E-002
   6.93750000000000       1.865889361558658E-002 -1.679080747308961E-002
   6.96875000000000       1.864861932463842E-002 -1.669073962320381E-002
   7.00000000000000       1.863993265506306E-002 -1.659027461607960E-002
   7.03125000000000       1.863251733153613E-002 -1.648955955305010E-002
   7.06250000000000       1.862628407299480E-002 -1.638876042075481E-002
   7.09375000000000       1.862133197251017E-002 -1.628807936461070E-002
   7.12500000000000       1.861800766330937E-002 -1.618779160164670E-002
   7.15625000000000       1.861717219381881E-002 -1.608834668105018E-002
   7.18750000000000       1.862169614855981E-002 -1.599086424500112E-002
   7.21875000000000       1.863959277467083E-002 -1.588139337863407E-002
   7.25000000000000       1.864739489687221E-002 -1.576130701555088E-002
   7.28125000000000       1.865016443732728E-002 -1.563920884146253E-002
   7.31250000000000       1.864920351974184E-002 -1.551570645892739E-002
   7.34375000000000       1.864487507076016E-002 -1.539108609760581E-002
   7.37500000000000       1.863717694573827E-002 -1.526552095276320E-002
   7.40625000000000       1.862585242643338E-002 -1.513912604214163E-002
   7.43750000000000       1.861036924200801E-002 -1.501197645161863E-002
   7.46875000000000       1.858978623264849E-002 -1.488410851436306E-002
   7.50000000000000       1.856238745903096E-002 -1.475550076635750E-002
   7.53125000000000       1.852450003169788E-002 -1.462599306074692E-002
   7.56250000000000       1.846255371734975E-002 -1.449467283665132E-002
   7.59375000000000       1.837873232055217E-002 -1.442741624237246E-002
   7.62500000000000       1.833642891589040E-002 -1.437281978934794E-002
   7.65625000000000       1.830979458894834E-002 -1.431923171853141E-002
   7.68750000000000       1.829413529365647E-002 -1.426645716058955E-002
   7.71875000000000       1.828758808039158E-002 -1.421450199901262E-002
   7.75000000000000       1.828937021298010E-002 -1.416345058394065E-002
   7.78125000000000       1.829931815058832E-002 -1.411344056325147E-002
   7.81250000000000       1.831776931928671E-002 -1.406466477019317E-002
   7.84375000000000       1.834562825822568E-002 -1.401739215915112E-002
   7.87500000000000       1.838467098007658E-002 -1.397202077151905E-002
   7.90625000000000       1.843847711963981E-002 -1.392922144463526E-002
   7.93750000000000       1.851643880504278E-002 -1.389052109020675E-002
   7.96875000000000       1.865721515926541E-002 -1.381621749549541E-002
   8.00000000000000       1.875861507018105E-002 -1.367951501741645E-002
   8.03125000000000       1.883794449563577E-002 -1.353911011933359E-002
   8.06250000000000       1.890568549417267E-002 -1.339665850203945E-002
   8.09375000000000       1.896571007508957E-002 -1.325285485823400E-002
   8.12500000000000       1.902010235872705E-002 -1.310812810655168E-002
   8.15625000000000       1.907021070621558E-002 -1.296280190398064E-002
   8.18750000000000       1.911703325105540E-002 -1.281715956176719E-002
   8.21875000000000       1.916140957827796E-002 -1.267148376682031E-002
   8.25000000000000       1.920415513399076E-002 -1.252609564859306E-002
   8.28125000000000       1.924621537345879E-002 -1.238141644292866E-002
   8.31250000000000       1.928897609789351E-002 -1.223811283970832E-002
   8.34375000000000       1.933541576035384E-002 -1.209765741225197E-002
   8.37500000000000       1.940214435691146E-002 -1.195325139753568E-002
   8.40625000000000       1.946163194996707E-002 -1.178272040268141E-002
   8.43750000000000       1.951131175562083E-002 -1.160736905488950E-002
   8.46875000000000       1.955456543032861E-002 -1.142904507761857E-002
   8.50000000000000       1.959263548523081E-002 -1.124847085369391E-002
   8.53125000000000       1.962619561420335E-002 -1.106605761022889E-002
   8.56250000000000       1.965567517014872E-002 -1.088207968658771E-002
   8.59375000000000       1.968137190175418E-002 -1.069673648736022E-002
   8.62500000000000       1.970350009802754E-002 -1.051017929280674E-002
   8.65625000000000       1.972221115942800E-002 -1.032252262326238E-002
   8.68750000000000       1.973759610276901E-002 -1.013384495504278E-002
   8.71875000000000       1.974966415492606E-002 -9.944174215597578E-003
   8.75000000000000       1.975825454382005E-002 -9.753427918973280E-003
   8.78125000000000       1.976252642828717E-002 -9.561051836173553E-003
   8.81250000000000       1.975773683446099E-002 -9.372170544568714E-003
   8.84375000000000       1.975477605291017E-002 -9.188971877334584E-003
   8.87500000000000       1.975250562024318E-002 -9.006739898602767E-003
   8.90625000000000       1.975047778170122E-002 -8.825058788548303E-003
   8.93750000000000       1.974870502067575E-002 -8.643790194447326E-003
   8.96875000000000       1.974740166741133E-002 -8.462888855283117E-003
   9.00000000000000       1.974693853286982E-002 -8.282357620356324E-003
   9.03125000000000       1.974785724657237E-002 -8.102233624005379E-003
   9.06250000000000       1.975092568561227E-002 -7.922586728191109E-003
   9.09375000000000       1.975724942168680E-002 -7.743526781680251E-003
   9.12500000000000       1.976849107992701E-002 -7.565222947613665E-003
   9.15625000000000       1.978734603735043E-002 -7.387948735150663E-003
   9.18750000000000       1.981879071811817E-002 -7.212202397096955E-003
   9.21875000000000       1.987490166305282E-002 -7.039173387811786E-003
   9.25000000000000       2.001535424736444E-002 -6.826470487259588E-003
   9.28125000000000       2.009417160841312E-002 -6.500682578100407E-003
   9.31250000000000       2.012309224039342E-002 -6.169650801789467E-003
   9.34375000000000       2.012167183922620E-002 -5.835632188519303E-003
   9.37500000000000       2.009611648196419E-002 -5.499495288183683E-003
   9.40625000000000       2.004926862453543E-002 -5.161750232983080E-003
   9.43750000000000       1.998249860008956E-002 -4.822754900777832E-003
   9.46875000000000       1.989631841931434E-002 -4.482788042598882E-003
   9.50000000000000       1.979060461212817E-002 -4.142082663089641E-003
   9.53125000000000       1.966464057864616E-002 -3.800843862869966E-003
   9.56250000000000       1.951702126077177E-002 -3.459259531186714E-003
   9.59375000000000       1.934537237735412E-002 -3.117507246351024E-003
   9.62500000000000       1.914568733461446E-002 -2.775758392715924E-003
   9.65625000000000       1.891058124684986E-002 -2.434177241364452E-003
   9.68750000000000       1.862287608675344E-002 -2.092894176543763E-003
   9.71875000000000       1.819298253164242E-002 -1.802195856800251E-003
   9.75000000000000       1.783929620911733E-002 -1.707482375065046E-003
   9.78125000000000       1.755609809040470E-002 -1.613684924570375E-003
   9.81250000000000       1.730451994115969E-002 -1.520370200744077E-003
   9.84375000000000       1.707258630236184E-002 -1.427397746160352E-003
   9.87500000000000       1.685422977013868E-002 -1.334696040389758E-003
   9.90625000000000       1.664571903080451E-002 -1.242222510390137E-003
   9.93750000000000       1.644447194919020E-002 -1.149949858061676E-003
   9.96875000000000       1.624853457047183E-002 -1.057860025913365E-003
   10.0000000000000       1.605630464312864E-002 -9.659411312425049E-004
   11.0000000000000       1.459664058466240E-002  0.000000000000000E+000
   12.0000000000000       1.338025386927387E-002  0.000000000000000E+000
   13.0000000000000       1.235100357163742E-002  0.000000000000000E+000
   14.0000000000000       1.146878903080617E-002  0.000000000000000E+000
   15.0000000000000       1.070420309541909E-002  0.000000000000000E+000
   16.0000000000000       1.003519040195540E-002  0.000000000000000E+000
   17.0000000000000       9.444885084193319E-003  0.000000000000000E+000
   18.0000000000000       8.920169246182578E-003  0.000000000000000E+000
   19.0000000000000       8.450686654278233E-003  0.000000000000000E+000
   20.0000000000000       8.028152321564321E-003  0.000000000000000E+000
   21.0000000000000       7.645859353870781E-003  0.000000000000000E+000
   22.0000000000000       7.298320292331201E-003  0.000000000000000E+000
   23.0000000000000       6.981002018751583E-003  0.000000000000000E+000
   24.0000000000000       6.690126934636934E-003  0.000000000000000E+000
   25.0000000000000       6.422521857251456E-003  0.000000000000000E+000
   26.0000000000000       6.175501785818708E-003  0.000000000000000E+000
   27.0000000000000       5.946779497455052E-003  0.000000000000000E+000
   28.0000000000000       5.734394515403086E-003  0.000000000000000E+000
   29.0000000000000       5.536656773492635E-003  0.000000000000000E+000
   30.0000000000000       5.352101547709547E-003  0.000000000000000E+000
   31.0000000000000       5.179453110686658E-003  0.000000000000000E+000
   32.0000000000000       5.017595200977700E-003  0.000000000000000E+000
   33.0000000000000       4.865546861554134E-003  0.000000000000000E+000
   34.0000000000000       4.722442542096660E-003  0.000000000000000E+000
   35.0000000000000       4.587515612322469E-003  0.000000000000000E+000
   36.0000000000000       4.460084623091289E-003  0.000000000000000E+000
   37.0000000000000       4.339541795440174E-003  0.000000000000000E+000
   38.0000000000000       4.225343327139116E-003  0.000000000000000E+000
   39.0000000000000       4.117001190545805E-003  0.000000000000000E+000
   40.0000000000000       4.014076160782160E-003  0.000000000000000E+000
   41.0000000000000       3.916171864177718E-003  0.000000000000000E+000
   42.0000000000000       3.822929676935391E-003  0.000000000000000E+000
   43.0000000000000       3.734024335611312E-003  0.000000000000000E+000
   44.0000000000000       3.649160146165600E-003  0.000000000000000E+000
   45.0000000000000       3.568067698473031E-003  0.000000000000000E+000
   46.0000000000000       3.490501009375791E-003  0.000000000000000E+000
   47.0000000000000       3.416235030452902E-003  0.000000000000000E+000
   48.0000000000000       3.345063467318467E-003  0.000000000000000E+000
   49.0000000000000       3.276796865944620E-003  0.000000000000000E+000
   50.0000000000000       3.211260928625728E-003  0.000000000000000E+000
   51.0000000000000       3.148295028064439E-003  0.000000000000000E+000
   52.0000000000000       3.087750892909354E-003  0.000000000000000E+000
   53.0000000000000       3.029491442099744E-003  0.000000000000000E+000
   54.0000000000000       2.973389748727526E-003  0.000000000000000E+000
   55.0000000000000       2.919328116932480E-003  0.000000000000000E+000
   56.0000000000000       2.867197257701543E-003  0.000000000000000E+000
   57.0000000000000       2.816895551426077E-003  0.000000000000000E+000
   58.0000000000000       2.768328386746317E-003  0.000000000000000E+000
   59.0000000000000       2.721407566631973E-003  0.000000000000000E+000
   60.0000000000000       2.676050773854773E-003  0.000000000000000E+000
   61.0000000000000       2.632181089037482E-003  0.000000000000000E+000
   62.0000000000000       2.589726555343329E-003  0.000000000000000E+000
   63.0000000000000       2.548619784623594E-003  0.000000000000000E+000
   64.0000000000000       2.508797600488850E-003  0.000000000000000E+000
   65.0000000000000       2.470200714327483E-003  0.000000000000000E+000
   66.0000000000000       2.432773430777067E-003  0.000000000000000E+000
   67.0000000000000       2.396463379571439E-003  0.000000000000000E+000
   68.0000000000000       2.361221271048330E-003  0.000000000000000E+000
   69.0000000000000       2.327000672917194E-003  0.000000000000000E+000
   70.0000000000000       2.293757806161235E-003  0.000000000000000E+000
   71.0000000000000       2.261451358187133E-003  0.000000000000000E+000
   72.0000000000000       2.230042311545645E-003  0.000000000000000E+000
   73.0000000000000       2.199493786729951E-003  0.000000000000000E+000
   74.0000000000000       2.169770897720087E-003  0.000000000000000E+000
   75.0000000000000       2.140840619083819E-003  0.000000000000000E+000
   76.0000000000000       2.112671663569558E-003  0.000000000000000E+000
   77.0000000000000       2.085234369237486E-003  0.000000000000000E+000
   78.0000000000000       2.058500595272903E-003  0.000000000000000E+000
   79.0000000000000       2.032443625712486E-003  0.000000000000000E+000
   80.0000000000000       2.007038080391080E-003  0.000000000000000E+000
   81.0000000000000       1.982259832485017E-003  0.000000000000000E+000
   82.0000000000000       1.958085932088859E-003  0.000000000000000E+000
   83.0000000000000       1.934494535316704E-003  0.000000000000000E+000
   84.0000000000000       1.911464838467695E-003  0.000000000000000E+000
   85.0000000000000       1.888977016838664E-003  0.000000000000000E+000
   86.0000000000000       1.867012167805656E-003  0.000000000000000E+000
   87.0000000000000       1.845552257830878E-003  0.000000000000000E+000
   88.0000000000000       1.824580073082800E-003  0.000000000000000E+000
   89.0000000000000       1.804079173385241E-003  0.000000000000000E+000
   90.0000000000000       1.784033849236516E-003  0.000000000000000E+000
   91.0000000000000       1.764429081662488E-003  0.000000000000000E+000
   92.0000000000000       1.745250504687896E-003  0.000000000000000E+000
   93.0000000000000       1.726484370228886E-003  0.000000000000000E+000
   94.0000000000000       1.708117515226451E-003  0.000000000000000E+000
   95.0000000000000       1.690137330855646E-003  0.000000000000000E+000
   96.0000000000000       1.672531733659234E-003  0.000000000000000E+000
   97.0000000000000       1.655289138466870E-003  0.000000000000000E+000
   98.0000000000000       1.638398432972310E-003  0.000000000000000E+000
   99.0000000000000       1.621848953851378E-003  0.000000000000000E+000
   100.000000000000       1.605630464312864E-003  0.000000000000000E+000
   101.000000000000       1.589733132983034E-003  0.000000000000000E+000
   102.000000000000       1.574147514032220E-003  0.000000000000000E+000
   103.000000000000       1.558864528459091E-003  0.000000000000000E+000
   104.000000000000       1.543875446454677E-003  0.000000000000000E+000
   105.000000000000       1.529171870774156E-003  0.000000000000000E+000
   106.000000000000       1.514745721049872E-003  0.000000000000000E+000
   107.000000000000       1.500589218983985E-003  0.000000000000000E+000
   108.000000000000       1.486694874363763E-003  0.000000000000000E+000
   109.000000000000       1.473055471846664E-003  0.000000000000000E+000
   110.000000000000       1.459664058466240E-003  0.000000000000000E+000
   111.000000000000       1.446513931813391E-003  0.000000000000000E+000
   112.000000000000       1.433598628850771E-003  0.000000000000000E+000
   113.000000000000       1.420911915321119E-003  0.000000000000000E+000
   114.000000000000       1.408447775713039E-003  0.000000000000000E+000
   115.000000000000       1.396200403750317E-003  0.000000000000000E+000
   116.000000000000       1.384164193373159E-003  0.000000000000000E+000
   117.000000000000       1.372333730181935E-003  0.000000000000000E+000
   118.000000000000       1.360703783315987E-003  0.000000000000000E+000
   119.000000000000       1.349269297741903E-003  0.000000000000000E+000
   120.000000000000       1.338025386927387E-003  0.000000000000000E+000
   121.000000000000       1.326967325878400E-003  0.000000000000000E+000
   122.000000000000       1.316090544518741E-003  0.000000000000000E+000
   123.000000000000       1.305390621392572E-003  0.000000000000000E+000
   124.000000000000       1.294863277671665E-003  0.000000000000000E+000
   125.000000000000       1.284504371450291E-003  0.000000000000000E+000
   126.000000000000       1.274309892311797E-003  0.000000000000000E+000
   127.000000000000       1.264275956151861E-003  0.000000000000000E+000
   128.000000000000       1.254398800244425E-003  0.000000000000000E+000
   129.000000000000       1.244674778537104E-003  0.000000000000000E+000
   130.000000000000       1.235100357163742E-003  0.000000000000000E+000
   131.000000000000       1.225672110162492E-003  0.000000000000000E+000
   132.000000000000       1.216386715388533E-003  0.000000000000000E+000
   133.000000000000       1.207240950611176E-003  0.000000000000000E+000
   134.000000000000       1.198231689785720E-003  0.000000000000000E+000
   135.000000000000       1.189355899491011E-003  0.000000000000000E+000
   136.000000000000       1.180610635524165E-003  0.000000000000000E+000
   137.000000000000       1.171993039644426E-003  0.000000000000000E+000
   138.000000000000       1.163500336458597E-003  0.000000000000000E+000
   139.000000000000       1.155129830440909E-003  0.000000000000000E+000
   140.000000000000       1.146878903080617E-003  0.000000000000000E+000
   141.000000000000       1.138745010150967E-003  0.000000000000000E+000
   142.000000000000       1.130725679093566E-003  0.000000000000000E+000
   143.000000000000       1.122818506512492E-003  0.000000000000000E+000
   144.000000000000       1.115021155772822E-003  0.000000000000000E+000
   145.000000000000       1.107331354698527E-003  0.000000000000000E+000
   146.000000000000       1.099746893364975E-003  0.000000000000000E+000
   147.000000000000       1.092265621981540E-003  0.000000000000000E+000
   148.000000000000       1.084885448860043E-003  0.000000000000000E+000
   149.000000000000       1.077604338465010E-003  0.000000000000000E+000
   150.000000000000       1.070420309541909E-003  0.000000000000000E+000
   151.000000000000       1.063331433319777E-003  0.000000000000000E+000
   152.000000000000       1.056335831784779E-003  0.000000000000000E+000
   153.000000000000       1.049431676021480E-003  0.000000000000000E+000
   154.000000000000       1.042617184618743E-003  0.000000000000000E+000
   155.000000000000       1.035890622137332E-003  0.000000000000000E+000
   156.000000000000       1.029250297636451E-003  0.000000000000000E+000
   157.000000000000       1.022694563256601E-003  0.000000000000000E+000
   158.000000000000       1.016221812856243E-003  0.000000000000000E+000
   159.000000000000       1.009830480699915E-003  0.000000000000000E+000
   160.000000000000       1.003519040195540E-003  0.000000000000000E+000
   161.000000000000       9.972860026787975E-004  0.000000000000000E+000
   162.000000000000       9.911299162425086E-004  0.000000000000000E+000
   163.000000000000       9.850493646091191E-004  0.000000000000000E+000
   164.000000000000       9.790429660444294E-004  0.000000000000000E+000
   165.000000000000       9.731093723108267E-004  0.000000000000000E+000
   166.000000000000       9.672472676583518E-004  0.000000000000000E+000
   167.000000000000       9.614553678520144E-004  0.000000000000000E+000
   168.000000000000       9.557324192338477E-004  0.000000000000000E+000
   169.000000000000       9.500771978182628E-004  0.000000000000000E+000
   170.000000000000       9.444885084193319E-004  0.000000000000000E+000
   171.000000000000       9.389651838086925E-004  0.000000000000000E+000
   172.000000000000       9.335060839028280E-004  0.000000000000000E+000
   173.000000000000       9.281100949785342E-004  0.000000000000000E+000
   174.000000000000       9.227761289154391E-004  0.000000000000000E+000
   175.000000000000       9.175031224644938E-004  0.000000000000000E+000
   176.000000000000       9.122900365414001E-004  0.000000000000000E+000
   177.000000000000       9.071358555439910E-004  0.000000000000000E+000
   178.000000000000       9.020395866926203E-004  0.000000000000000E+000
   179.000000000000       8.970002593926615E-004  0.000000000000000E+000
   180.000000000000       8.920169246182579E-004  0.000000000000000E+000
   181.000000000000       8.870886543164995E-004  0.000000000000000E+000
   182.000000000000       8.822145408312440E-004  0.000000000000000E+000
   183.000000000000       8.773936963458274E-004  0.000000000000000E+000
   184.000000000000       8.726252523439478E-004  0.000000000000000E+000
   185.000000000000       8.679083590880346E-004  0.000000000000000E+000
   186.000000000000       8.632421851144430E-004  0.000000000000000E+000
   187.000000000000       8.586259167448471E-004  0.000000000000000E+000
   188.000000000000       8.540587576132256E-004  0.000000000000000E+000
   189.000000000000       8.495399282078646E-004  0.000000000000000E+000
   190.000000000000       8.450686654278232E-004  0.000000000000000E+000
   191.000000000000       8.406442221533320E-004  0.000000000000000E+000
   192.000000000000       8.362658668296168E-004  0.000000000000000E+000
   193.000000000000       8.319328830636601E-004  0.000000000000000E+000
   194.000000000000       8.276445692334351E-004  0.000000000000000E+000
   195.000000000000       8.234002381091610E-004  0.000000000000000E+000
   196.000000000000       8.191992164861551E-004  0.000000000000000E+000
   197.000000000000       8.150408448288650E-004  0.000000000000000E+000
   198.000000000000       8.109244769256889E-004  0.000000000000000E+000
   199.000000000000       8.068494795542031E-004  0.000000000000000E+000
   200.000000000000       8.028152321564320E-004  0.000000000000000E+000
   201.000000000000       7.988211265238130E-004  0.000000000000000E+000
   202.000000000000       7.948665664915169E-004  0.000000000000000E+000
   203.000000000000       7.909509676418050E-004  0.000000000000000E+000
   204.000000000000       7.870737570161099E-004  0.000000000000000E+000
   205.000000000000       7.832343728355434E-004  0.000000000000000E+000
   206.000000000000       7.794322642295457E-004  0.000000000000000E+000
   207.000000000000       7.756668909723981E-004  0.000000000000000E+000
   208.000000000000       7.719377232273385E-004  0.000000000000000E+000
   209.000000000000       7.682442412980211E-004  0.000000000000000E+000
   210.000000000000       7.645859353870781E-004  0.000000000000000E+000
   211.000000000000       7.609623053615469E-004  0.000000000000000E+000
   212.000000000000       7.573728605249359E-004  0.000000000000000E+000
   213.000000000000       7.538171193957108E-004  0.000000000000000E+000
   214.000000000000       7.502946094919926E-004  0.000000000000000E+000
   215.000000000000       7.468048671222623E-004  0.000000000000000E+000
   216.000000000000       7.433474371818815E-004  0.000000000000000E+000
   217.000000000000       7.399218729552369E-004  0.000000000000000E+000
   218.000000000000       7.365277359233322E-004  0.000000000000000E+000
   219.000000000000       7.331645955766503E-004  0.000000000000000E+000
   220.000000000000       7.298320292331201E-004  0.000000000000000E+000
   221.000000000000       7.265296218610244E-004  0.000000000000000E+000
   222.000000000000       7.232569659066956E-004  0.000000000000000E+000
   223.000000000000       7.200136611268449E-004  0.000000000000000E+000
   224.000000000000       7.167993144253857E-004  0.000000000000000E+000
   225.000000000000       7.136135396946063E-004  0.000000000000000E+000
   226.000000000000       7.104559576605594E-004  0.000000000000000E+000
   227.000000000000       7.073261957325392E-004  0.000000000000000E+000
   228.000000000000       7.042238878565193E-004  0.000000000000000E+000
   229.000000000000       7.011486743724297E-004  0.000000000000000E+000
   230.000000000000       6.981002018751583E-004  0.000000000000000E+000
   231.000000000000       6.950781230791620E-004  0.000000000000000E+000
   232.000000000000       6.920820966865793E-004  0.000000000000000E+000
   233.000000000000       6.891117872587399E-004  0.000000000000000E+000
   234.000000000000       6.861668650909676E-004  0.000000000000000E+000
   235.000000000000       6.832470060905805E-004  0.000000000000000E+000
   236.000000000000       6.803518916579933E-004  0.000000000000000E+000
   237.000000000000       6.774812085708288E-004  0.000000000000000E+000
   238.000000000000       6.746346488709513E-004  0.000000000000000E+000
   239.000000000000       6.718119097543364E-004  0.000000000000000E+000
   240.000000000000       6.690126934636933E-004  0.000000000000000E+000
   241.000000000000       6.662367071837610E-004  0.000000000000000E+000
   242.000000000000       6.634836629392000E-004  0.000000000000000E+000
   243.000000000000       6.607532774950058E-004  0.000000000000000E+000
   244.000000000000       6.580452722593705E-004  0.000000000000000E+000
   245.000000000000       6.553593731889241E-004  0.000000000000000E+000
   246.000000000000       6.526953106962862E-004  0.000000000000000E+000
   247.000000000000       6.500528195598640E-004  0.000000000000000E+000
   248.000000000000       6.474316388358323E-004  0.000000000000000E+000
   249.000000000000       6.448315117722346E-004  0.000000000000000E+000
   250.000000000000       6.422521857251456E-004  0.000000000000000E+000
   251.000000000000       6.396934120768382E-004  0.000000000000000E+000
   252.000000000000       6.371549461558984E-004  0.000000000000000E+000
   253.000000000000       6.346365471592349E-004  0.000000000000000E+000
   254.000000000000       6.321379780759307E-004  0.000000000000000E+000
   255.000000000000       6.296590056128878E-004  0.000000000000000E+000
   256.000000000000       6.271994001222125E-004  0.000000000000000E+000
   257.000000000000       6.247589355302973E-004  0.000000000000000E+000
   258.000000000000       6.223373892685520E-004  0.000000000000000E+000
   259.000000000000       6.199345422057390E-004  0.000000000000000E+000
   260.000000000000       6.175501785818708E-004  0.000000000000000E+000
   261.000000000000       6.151840859436261E-004  0.000000000000000E+000
   262.000000000000       6.128360550812458E-004  0.000000000000000E+000
   263.000000000000       6.105058799668685E-004  0.000000000000000E+000
   264.000000000000       6.081933576942667E-004  0.000000000000000E+000
   265.000000000000       6.058982884199487E-004  0.000000000000000E+000
   266.000000000000       6.036204753055880E-004  0.000000000000000E+000
   267.000000000000       6.013597244617469E-004  0.000000000000000E+000
   268.000000000000       5.991158448928598E-004  0.000000000000000E+000
   269.000000000000       5.968886484434439E-004  0.000000000000000E+000
   270.000000000000       5.946779497455053E-004  0.000000000000000E+000
   271.000000000000       5.924835661671085E-004  0.000000000000000E+000
   272.000000000000       5.903053177620824E-004  0.000000000000000E+000
   273.000000000000       5.881430272208294E-004  0.000000000000000E+000
   274.000000000000       5.859965198222131E-004  0.000000000000000E+000
   275.000000000000       5.838656233864960E-004  0.000000000000000E+000
   276.000000000000       5.817501682292986E-004  0.000000000000000E+000
   277.000000000000       5.796499871165574E-004  0.000000000000000E+000
   278.000000000000       5.775649152204547E-004  0.000000000000000E+000
   279.000000000000       5.754947900762954E-004  0.000000000000000E+000
   280.000000000000       5.734394515403086E-004  0.000000000000000E+000
   281.000000000000       5.713987417483502E-004  0.000000000000000E+000
   282.000000000000       5.693725050754837E-004  0.000000000000000E+000
   283.000000000000       5.673605880964184E-004  0.000000000000000E+000
   284.000000000000       5.653628395467831E-004  0.000000000000000E+000
   285.000000000000       5.633791102852155E-004  0.000000000000000E+000
   286.000000000000       5.614092532562462E-004  0.000000000000000E+000
   287.000000000000       5.594531234539596E-004  0.000000000000000E+000
   288.000000000000       5.575105778864111E-004  0.000000000000000E+000
   289.000000000000       5.555814755407834E-004  0.000000000000000E+000
   290.000000000000       5.536656773492634E-004  0.000000000000000E+000
   291.000000000000       5.517630461556234E-004  0.000000000000000E+000
   292.000000000000       5.498734466824877E-004  0.000000000000000E+000
   293.000000000000       5.479967454992711E-004  0.000000000000000E+000
   294.000000000000       5.461328109907702E-004  0.000000000000000E+000
   295.000000000000       5.442815133263946E-004  0.000000000000000E+000
   296.000000000000       5.424427244300217E-004  0.000000000000000E+000
   297.000000000000       5.406163179504593E-004  0.000000000000000E+000
   298.000000000000       5.388021692325048E-004  0.000000000000000E+000
   299.000000000000       5.370001552885834E-004  0.000000000000000E+000
   300.000000000000       5.352101547709547E-004  0.000000000000000E+000
   301.000000000000       5.334320479444732E-004  0.000000000000000E+000
   302.000000000000       5.316657166598887E-004  0.000000000000000E+000
   303.000000000000       5.299110443276779E-004  0.000000000000000E+000
   304.000000000000       5.281679158923896E-004  0.000000000000000E+000
   305.000000000000       5.264362178074965E-004  0.000000000000000E+000
   306.000000000000       5.247158380107399E-004  0.000000000000000E+000
   307.000000000000       5.230066658999557E-004  0.000000000000000E+000
   308.000000000000       5.213085923093714E-004  0.000000000000000E+000
   309.000000000000       5.196215094863637E-004  0.000000000000000E+000
   310.000000000000       5.179453110686659E-004  0.000000000000000E+000
