  0.000000000000000E+000 -0.194093557975929       5.269371367189191E-006
  7.812500000000000E-003 -0.194236104682390      -8.335416595597095E-004
  1.562500000000000E-002 -0.194463093913298      -1.780848557530902E-003
  2.343750000000000E-002 -0.194939092565551      -2.716823620224359E-003
  3.125000000000000E-002 -0.195459161400581      -3.420476928500987E-003
  3.906250000000000E-002 -0.196834493963660      -4.060830599540597E-003
  4.687500000000000E-002 -0.199060504839387      -4.968032040406328E-003
  5.468750000000000E-002 -0.203988752907153      -4.511610583978379E-003
  6.250000000000000E-002 -0.218615049834596      -8.408647085404298E-003
  7.031250000000000E-002  7.859834191363397E-003 -6.522922175390235E-002
  7.812500000000000E-002 -0.163231381153191      -3.379736904467083E-002
  8.593750000000000E-002 -0.169596184600777      -2.415845865089727E-003
  9.375000000000000E-002 -0.183066413313519      -1.000155085147302E-003
  0.101562500000000      -0.191203752362775      -4.772344459586595E-003
  0.109375000000000      -0.195350760008633      -8.076778443486528E-003
  0.117187500000000      -0.198600124104567      -1.150072718110024E-002
  0.125000000000000      -0.202305133427426      -1.463733842643644E-002
  0.132812500000000      -0.206306920832406      -2.048861547618378E-002
  0.140625000000000      -0.210052771721754      -2.981083825719388E-002
  0.148437500000000      -0.205405226429485      -4.042920186702770E-002
  0.156250000000000      -0.196000022735255      -4.889018877024403E-002
  0.164062500000000      -0.189225448001465      -4.494754944131778E-002
  0.171875000000000      -0.186598436928211      -4.806982367110020E-002
  0.179687500000000      -0.177906411402387      -4.700846682126299E-002
  0.187500000000000      -0.175419013600547      -4.381244269445939E-002
  0.195312500000000      -0.173617448142380      -4.125200903138469E-002
  0.203125000000000      -0.173264040934609      -3.950371180027171E-002
  0.210937500000000      -0.172651209103618      -3.821722987498875E-002
  0.218750000000000      -0.172672219759031      -3.712312623325578E-002
  0.226562500000000      -0.172053606031591      -3.646285317883593E-002
  0.234375000000000      -0.171353925856697      -3.465319837703834E-002
  0.242187500000000      -0.173345704146064      -3.290225324647459E-002
  0.250000000000000      -0.174583663384074      -3.297614717828022E-002
  0.257812500000000      -0.175415627541672      -3.277276034896538E-002
  0.265625000000000      -0.176927867965288      -3.315574244654005E-002
  0.273437500000000      -0.177714955105944      -3.406814308273048E-002
  0.281250000000000      -0.177533827540834      -3.480499261750735E-002
  0.289062500000000      -0.177668812542137      -3.486093218221916E-002
  0.296875000000000      -0.177093054403961      -3.436220714525775E-002
  0.304687500000000      -0.176616337897109      -3.093758661209572E-002
  0.312500000000000      -0.182407919200950      -2.863414184700795E-002
  0.320312500000000      -0.186907076923908      -2.948560208145536E-002
  0.328125000000000      -0.191095991572778      -3.104669116937963E-002
  0.335937500000000      -0.194830650298480      -3.407647832198878E-002
  0.343750000000000      -0.197702501128322      -3.687555851598950E-002
  0.351562500000000      -0.200793620022182      -3.966531708589834E-002
  0.359375000000000      -0.204808504876154      -4.321960535776991E-002
  0.367187500000000      -0.208392251381368      -4.822784652654466E-002
  0.375000000000000      -0.211988726038932      -5.457704095325443E-002
  0.382812500000000      -0.214749541303876      -6.415622463934506E-002
  0.390625000000000      -0.210471830342764      -7.325873694680710E-002
  0.398437500000000      -0.207520493232530      -7.914092896849260E-002
  0.406250000000000      -0.204311861679852      -8.548890336675449E-002
  0.414062500000000      -0.198116627663935      -9.268461717434316E-002
  0.421875000000000      -0.190863958860235      -9.300844176508836E-002
  0.429687500000000      -0.186837894271223      -9.322088041780964E-002
  0.437500000000000      -0.183700088522275      -9.333306413439869E-002
  0.445312500000000      -0.181628395428117      -9.169066663347708E-002
  0.453125000000000      -0.183921130338859      -9.263149113290296E-002
  0.460937500000000      -0.185819952085512      -9.643125664156293E-002
  0.468750000000000      -0.186995951943242      -0.103203213334910     
  0.476562500000000      -0.184147392332477      -0.114589156307928     
  0.484375000000000      -0.174485534036154      -0.119217497881076     
  0.492187500000000      -0.167856503311146      -0.122866807813127     
  0.500000000000000      -0.160566914474028      -0.127083216921125     
  0.507812500000000      -0.150835171928372      -0.131738680787402     
  0.515625000000000      -0.134931695454928      -0.134145928950640     
  0.523437500000000      -0.118973510876768      -0.122684260106820     
  0.531250000000000      -0.114562041801831      -0.110155291449028     
  0.539062500000000      -0.113653259500506      -0.100785592466565     
  0.546875000000000      -0.115102562359799      -9.239599335591535E-002
  0.554687500000000      -0.118431255708477      -8.905928483753141E-002
  0.562500000000000      -0.119511003020490      -8.729541622753030E-002
  0.570312500000000      -0.119129916849251      -8.567024159513902E-002
  0.578125000000000      -0.117695654431433      -8.313316214102284E-002
  0.585937500000000      -0.117199964808898      -7.787651156143366E-002
  0.593750000000000      -0.119577694258444      -7.465488728864615E-002
  0.601562500000000      -0.121470047783947      -7.260715177164961E-002
  0.609375000000000      -0.123079073387399      -7.100731348260329E-002
  0.617187500000000      -0.124564562771916      -6.966044818165575E-002
  0.625000000000000      -0.126006373810919      -6.879516365767682E-002
  0.632812500000000      -0.126812185367882      -6.793681058721335E-002
  0.640625000000000      -0.127513282347572      -6.683249223684924E-002
  0.648437500000000      -0.128206760985866      -6.548099789624032E-002
  0.656250000000000      -0.128989118307413      -6.378012718624114E-002
  0.664062500000000      -0.130087719075706      -6.126181361344652E-002
  0.671875000000000      -0.133295634237026      -5.935792200919526E-002
  0.679687500000000      -0.136167211312010      -5.850765885893736E-002
  0.687500000000000      -0.138975943002216      -5.800375413611571E-002
  0.695312500000000      -0.141856719192329      -5.776132834631684E-002
  0.703125000000000      -0.144984359125390      -5.780531488318016E-002
  0.710937500000000      -0.148495783329554      -5.910450819342234E-002
  0.718750000000000      -0.150568189524698      -6.071842810549245E-002
  0.726562500000000      -0.152392247682025      -6.197681895881072E-002
  0.734375000000000      -0.154207678744139      -6.313350786687963E-002
  0.742187500000000      -0.155937259231274      -6.439029322270497E-002
  0.750000000000000      -0.157028465020233      -6.549648207524436E-002
  0.757812500000000      -0.159438610709043      -6.465627415910494E-002
  0.765625000000000      -0.163077253813921      -6.589859605838672E-002
  0.773437500000000      -0.166398860901665      -6.792114539612693E-002
  0.781250000000000      -0.169555853198500      -7.042153484864246E-002
  0.789062500000000      -0.172706884893482      -7.337133163854004E-002
  0.796875000000000      -0.176197764324481      -7.699234394642455E-002
  0.804687500000000      -0.178988916240345      -8.360521525793686E-002
  0.812500000000000      -0.178877244438304      -8.930580540750352E-002
  0.820312500000000      -0.178226119202904      -9.442103708069280E-002
  0.828125000000000      -0.176982003655892      -9.936838029725641E-002
  0.835937500000000      -0.174871138794107      -0.104284018340921     
  0.843750000000000      -0.171244017494920      -0.109091942217125     
  0.851562500000000      -0.163810980060701      -0.111714150561558     
  0.859375000000000      -0.160040918362726      -0.109095439016238     
  0.867187500000000      -0.158198888932975      -0.107219689401595     
  0.875000000000000      -0.157161754806896      -0.105445254833490     
  0.882812500000000      -0.156741204229310      -0.103461512903915     
  0.890625000000000      -0.157077178547935      -0.100945712339575     
  0.898437500000000      -0.158920496235362      -9.744575017724308E-002
  0.906250000000000      -0.165511586875769      -9.541943090847885E-002
  0.914062500000000      -0.170211850041543      -9.741070478756528E-002
  0.921875000000000      -0.174105125801192      -9.962289717037814E-002
  0.929687500000000      -0.177813794770559      -0.102171139665075     
  0.937500000000000      -0.181518227132829      -0.105181377037257     
  0.945312500000000      -0.185291174777976      -0.108832322459377     
  0.953125000000000      -0.189204579839521      -0.113527099261000     
  0.960937500000000      -0.191238890110073      -0.121258105945363     
  0.968750000000000      -0.190219986055727      -0.125852957517148     
  0.976562500000000      -0.189922324814893      -0.128917586227077     
  0.984375000000000      -0.190397154340161      -0.131004294084028     
  0.992187500000000      -0.191996480344472      -0.132218316860696     
   1.00000000000000      -0.195423606088818      -0.132577717188031     
   1.00781250000000      -0.202208289884405      -0.132206328075624     
   1.01562500000000      -0.217413353247303      -0.132626740150960     
   1.02343750000000      -0.233241224600944      -0.151607115065054     
   1.03125000000000      -0.239450737929887      -0.171983032943140     
   1.03906250000000      -0.241167772538756      -0.193247480178346     
   1.04687500000000      -0.238910663526497      -0.215382205997630     
   1.05468750000000      -0.232405582863756      -0.238396261274995     
   1.06250000000000      -0.220610634529706      -0.262194016459269     
   1.07031250000000      -0.201122551868847      -0.286182966461852     
   1.07812500000000      -0.165044111299911      -0.304627120070532     
   1.08593750000000      -0.133726295057537      -0.298437511100079     
   1.09375000000000      -0.112271165594707      -0.288916200183961     
   1.10156250000000      -9.686985789515727E-002 -0.278296536994707     
   1.10937500000000      -8.593812188530331E-002 -0.267741887353924     
   1.11718750000000      -7.844065305793332E-002 -0.257848886632079     
   1.12500000000000      -7.372013798536878E-002 -0.248934834746304     
   1.13281250000000      -7.150821106203321E-002 -0.241264785709865     
   1.14062500000000      -7.263753899017000E-002 -0.235749650256685     
   1.14843750000000      -7.153955313466920E-002 -0.236114073896272     
   1.15625000000000      -6.860480041119296E-002 -0.235339162816542     
   1.16406250000000      -6.538496839515273E-002 -0.234333098527500     
   1.17187500000000      -6.212325283041498E-002 -0.233229075583726     
   1.17968750000000      -5.896346529740624E-002 -0.232085940003178     
   1.18750000000000      -5.603896313728046E-002 -0.231000521945281     
   1.19531250000000      -5.344759731859589E-002 -0.230247188260909     
   1.20312500000000      -5.070182572190200E-002 -0.230606676156922     
   1.21093750000000      -4.551087933160121E-002 -0.228705797517610     
   1.21875000000000      -4.474505882260343E-002 -0.226973855578277     
   1.22656250000000      -4.383883919550539E-002 -0.227442035595408     
   1.23437500000000      -4.227126419612114E-002 -0.229078723690865     
   1.24218750000000      -3.992531481682171E-002 -0.231533034636992     
   1.25000000000000      -3.666268040978170E-002 -0.234651606534291     
   1.25781250000000      -3.224886835209592E-002 -0.238327102792914     
   1.26562500000000      -2.629410244677986E-002 -0.242399593361947     
   1.27343750000000      -1.810738955559217E-002 -0.246503329289130     
   1.28125000000000      -6.176099321882407E-003 -0.247975644480813     
   1.28906250000000       3.678030181984571E-003 -0.245784283022460     
   1.29687500000000       1.268052087671773E-002 -0.243182173724657     
   1.30468750000000       2.143305702434482E-002 -0.240020188083624     
   1.31250000000000       3.007679077554761E-002 -0.236146205308966     
   1.32031250000000       3.860595928077251E-002 -0.231404256295112     
   1.32812500000000       4.692341993364614E-002 -0.225628196166491     
   1.33593750000000       5.484230089648948E-002 -0.218624574708965     
   1.34375000000000       6.203766133089488E-002 -0.210107248830325     
   1.35156250000000       6.768746384871024E-002 -0.199154079833410     
   1.35937500000000       6.747302284176508E-002 -0.189637400445350     
   1.36718750000000       6.816264499056124E-002 -0.183080582211202     
   1.37500000000000       6.933083508002218E-002 -0.177201183258188     
   1.38281250000000       7.077523791800791E-002 -0.171574493242618     
   1.39062500000000       7.238145249573999E-002 -0.165980451980726     
   1.39843750000000       7.406056672738928E-002 -0.160266734453573     
   1.40625000000000       7.572767567042951E-002 -0.154301866011711     
   1.41406250000000       7.728668835910650E-002 -0.147940221129249     
   1.42187500000000       7.860288397288154E-002 -0.140948821739049     
   1.42968750000000       7.931735475424440E-002 -0.132412548551103     
   1.43750000000000       7.597933304895804E-002 -0.124985830593776     
   1.44531250000000       7.332222344542777E-002 -0.119604627000878     
   1.45312500000000       7.096912323731748E-002 -0.114841101966912     
   1.46093750000000       6.876441493804751E-002 -0.110423617961605     
   1.46875000000000       6.660836676123719E-002 -0.106232784012894     
   1.47656250000000       6.442111911042424E-002 -0.102209632421913     
   1.48437500000000       6.212833562485431E-002 -9.833008563411021E-002
   1.49218750000000       5.964979211114035E-002 -9.459905967310248E-002
   1.50000000000000       5.687904481727616E-002 -9.106042135113215E-002
   1.50781250000000       5.360234330912880E-002 -8.786407793727043E-002
   1.51562500000000       5.010701929714553E-002 -8.631064557266274E-002
   1.52343750000000       4.804079044556822E-002 -8.478359999245955E-002
   1.53125000000000       4.619535069748282E-002 -8.292998295745078E-002
   1.53906250000000       4.437047579140487E-002 -8.088687430975509E-002
   1.54687500000000       4.246479857567651E-002 -7.871763551537024E-002
   1.55468750000000       4.040665869383667E-002 -7.646614834433285E-002
   1.56250000000000       3.813858913031583E-002 -7.416510110705665E-002
   1.57031250000000       3.561179164569543E-002 -7.182647964972805E-002
   1.57812500000000       3.277756683839599E-002 -6.939875096352897E-002
   1.58593750000000       2.952817881830719E-002 -6.660569422098268E-002
   1.59375000000000       2.509799907948347E-002 -6.219300039840148E-002
   1.60156250000000       1.157066927609027E-002 -5.926032725112220E-002
   1.60937500000000      -1.727707057282672E-003 -6.911655633568697E-002
   1.61718750000000      -3.548471035483561E-003 -8.719509746909102E-002
   1.62500000000000       7.756976213632235E-003 -9.890341059257539E-002
   1.63281250000000       2.024604256087022E-002 -9.976853834559281E-002
   1.64062500000000       2.864423855785646E-002 -9.543564401668607E-002
   1.64843750000000       3.351742539592166E-002 -8.964719296391002E-002
   1.65625000000000       3.609774573235375E-002 -8.363495246788616E-002
   1.66406250000000       3.713813240444239E-002 -7.764087102984334E-002
   1.67187500000000       3.694186255907721E-002 -7.158565286151179E-002
   1.67968750000000       3.536748472873720E-002 -6.524093350770911E-002
   1.68750000000000       3.021579987068725E-002 -5.856876084721040E-002
   1.69531250000000       2.477872824637263E-002 -5.746924814266834E-002
   1.70312500000000       2.117320329609676E-002 -5.667046418387828E-002
   1.71093750000000       1.822528440134210E-002 -5.593346328247147E-002
   1.71875000000000       1.561965977914311E-002 -5.517900766753715E-002
   1.72656250000000       1.319108473527677E-002 -5.436267664443678E-002
   1.73437500000000       1.082579128936740E-002 -5.345165915002591E-002
   1.74218750000000       8.427307948913188E-003 -5.241563589787893E-002
   1.75000000000000       5.897102438997509E-003 -5.122098521229704E-002
   1.75781250000000       3.115654309199144E-003 -4.982446254027499E-002
   1.76562500000000      -8.914243632328507E-005 -4.816206160809006E-002
   1.77343750000000      -4.026063697254243E-003 -4.611876170519386E-002
   1.78125000000000      -9.787795397352226E-003 -4.328032562845970E-002
   1.78906250000000      -1.805264886518624E-002 -4.353082005616637E-002
   1.79687500000000      -2.596336025315318E-002 -4.545611311283865E-002
   1.80468750000000      -3.398478377456185E-002 -4.893838079750611E-002
   1.81250000000000      -4.202115960140933E-002 -5.423370712775110E-002
   1.82031250000000      -4.975479968723581E-002 -6.168858351382557E-002
   1.82812500000000      -5.660469087626539E-002 -7.165214939933183E-002
   1.83593750000000      -6.166042120480486E-002 -8.433580177582739E-002
   1.84375000000000      -6.367615145958266E-002 -9.957601369509413E-002
   1.85156250000000      -6.124700637795513E-002 -0.116530801858423     
   1.85937500000000      -5.326214172341801E-002 -0.133492636581467     
   1.86718750000000      -3.948343419922397E-002 -0.148108466733455     
   1.87500000000000      -2.070819388141321E-002 -0.158060238902051     
   1.88281250000000       3.028769636973615E-003 -0.159576981244394     
   1.89062500000000       2.017347885577721E-002 -0.150459974842042     
   1.89843750000000       3.072740275820120E-002 -0.140045079916505     
   1.90625000000000       3.710516483050706E-002 -0.130152760522347     
   1.91406250000000       4.078863623524964E-002 -0.121333342394181     
   1.92187500000000       4.272424354495159E-002 -0.113664808021374     
   1.92968750000000       4.350817397104542E-002 -0.107058703070181     
   1.93750000000000       4.351299681183067E-002 -0.101385797569904     
   1.94531250000000       4.297052764145252E-002 -9.652647052206195E-002
   1.95312500000000       4.202447814568003E-002 -9.239074372696907E-002
   1.96093750000000       4.076388618516507E-002 -8.892853459231616E-002
   1.96875000000000       3.924464269670608E-002 -8.614336896795967E-002
   1.97656250000000       3.750230131647635E-002 -8.413709114201519E-002
   1.98437500000000       3.555438404124189E-002 -8.359260935150506E-002
   1.99218750000000       3.596092899015244E-002 -8.351655401802303E-002
   2.00000000000000       3.650416932814329E-002 -8.259984996265393E-002
   2.00781250000000       3.706663156948437E-002 -8.139764775533821E-002
   2.01562500000000       3.760926271379359E-002 -8.002220781392659E-002
   2.02343750000000       3.810792831488399E-002 -7.852169589807297E-002
   2.03125000000000       3.854347646489806E-002 -7.692210550389987E-002
   2.03906250000000       3.889827485530452E-002 -7.524020643255065E-002
   2.04687500000000       3.915469688316035E-002 -7.348905187462929E-002
   2.05468750000000       3.929428575552493E-002 -7.168075518411815E-002
   2.06250000000000       3.929692631997917E-002 -6.982797411647441E-002
   2.07031250000000       3.913919303445887E-002 -6.794458005855046E-002
   2.07812500000000       3.878973380364530E-002 -6.604548548827718E-002
   2.08593750000000       3.819222350152875E-002 -6.414431195152027E-002
   2.09375000000000       3.706127940404979E-002 -6.224738429818183E-002
   2.10156250000000       3.581471933640906E-002 -6.135973101982744E-002
   2.10937500000000       3.494933603070241E-002 -6.058381610050612E-002
   2.11718750000000       3.422638308064176E-002 -5.986256361309378E-002
   2.12500000000000       3.358669981945785E-002 -5.918541217860988E-002
   2.13281250000000       3.300214525283469E-002 -5.855010512711934E-002
   2.14062500000000       3.245671071535774E-002 -5.795803233100617E-002
   2.14843750000000       3.194062139466772E-002 -5.741305960639171E-002
   2.15625000000000       3.144796242476074E-002 -5.692141741108696E-002
   2.16406250000000       3.097569059430199E-002 -5.649220651401531E-002
   2.17187500000000       3.052342194286804E-002 -5.613860744935593E-002
   2.17968750000000       3.009395253035948E-002 -5.588035102973438E-002
   2.18750000000000       2.969504814659282E-002 -5.574912936596995E-002
   2.19531250000000       2.934479060823571E-002 -5.580287014136133E-002
   2.20312500000000       2.909378381054758E-002 -5.618168008201280E-002
   2.21093750000000       2.973736253124175E-002 -5.722420914269460E-002
   2.21875000000000       3.111075371637966E-002 -5.714482628168345E-002
   2.22656250000000       3.233322076503008E-002 -5.662257607321767E-002
   2.23437500000000       3.346979893903097E-002 -5.582983770434447E-002
   2.24218750000000       3.453467834996453E-002 -5.482113173702515E-002
   2.25000000000000       3.552892669165292E-002 -5.362144446954997E-002
   2.25781250000000       3.644767336412000E-002 -5.224358082700598E-002
   2.26562500000000       3.728241319035961E-002 -5.069396668525594E-002
   2.27343750000000       3.802184278463289E-002 -4.897493978675680E-002
   2.28125000000000       3.865202746388633E-002 -4.708547874943311E-002
   2.28906250000000       3.915603964421797E-002 -4.502083493154127E-002
   2.29687500000000       3.951283977656088E-002 -4.277082613586185E-002
   2.30468750000000       3.969455660056122E-002 -4.031559107719249E-002
   2.31250000000000       3.965937106715991E-002 -3.761473725412036E-002
   2.32031250000000       3.932749036306854E-002 -3.457178715626984E-002
   2.32812500000000       3.838785909594247E-002 -3.075786608436872E-002
   2.33593750000000       3.531955647101361E-002 -2.799645104775789E-002
   2.34375000000000       3.276227273717923E-002 -2.630197118002145E-002
   2.35156250000000       3.037081490150935E-002 -2.497696977068185E-002
   2.35937500000000       2.806682323342777E-002 -2.391557757269216E-002
   2.36718750000000       2.581889799145985E-002 -2.307447158231269E-002
   2.37500000000000       2.361356556155961E-002 -2.243283536493816E-002
   2.38281250000000       2.144698325163947E-002 -2.198037981453187E-002
   2.39062500000000       1.932175288682745E-002 -2.171225226776779E-002
   2.39843750000000       1.724549936464286E-002 -2.162630465070636E-002
   2.40625000000000       1.523016888039942E-002 -2.172131781915869E-002
   2.41406250000000       1.329164374737624E-002 -2.199565759018981E-002
   2.42187500000000       1.144951714541728E-002 -2.244616490731366E-002
   2.42968750000000       9.727042915163988E-003 -2.306726562337785E-002
   2.43750000000000       8.151595514360980E-003 -2.385053399274635E-002
   2.44531250000000       6.757242331470967E-003 -2.478591714731009E-002
   2.45312500000000       5.602696790136430E-003 -2.587656379088829E-002
   2.46093750000000       4.906539234760442E-003 -2.688372758207952E-002
   2.46875000000000       4.229201278396282E-003 -2.766593898765204E-002
   2.47656250000000       3.578842407122002E-003 -2.840182045955227E-002
   2.48437500000000       2.968223548651457E-003 -2.911700184627378E-002
   2.49218750000000       2.401607599099871E-003 -2.982261504589646E-002
   2.50000000000000       1.880957509271020E-003 -3.052490647789874E-002
   2.53125000000000       2.851349065280500E-004 -3.336886635370651E-002
   2.56250000000000      -3.935770687111885E-004 -3.638885499369529E-002
   2.59375000000000       1.158707875199208E-003 -3.938482286076937E-002
   2.62500000000000       2.646049094686639E-003 -3.946906736334430E-002
   2.65625000000000       3.232488626379133E-003 -3.940663026190311E-002
   2.68750000000000       3.483246999959672E-003 -3.947227996579134E-002
   2.71875000000000       3.681927178181704E-003 -4.002426633151466E-002
   2.75000000000000       5.616383081150794E-003 -4.053521464898804E-002
   2.78125000000000       7.306262915167883E-003 -3.929893282901790E-002
   2.81250000000000       8.365447708415538E-003 -3.726170884544531E-002
   2.84375000000000       8.541665445427594E-003 -3.450398001096547E-002
   2.87500000000000       6.398628826269253E-003 -3.086299672818227E-002
   2.90625000000000       3.134417669590163E-003 -3.123903163439569E-002
   2.93750000000000       1.486751433766221E-003 -3.208840745080405E-002
   2.96875000000000       5.379956538313116E-004 -3.305051037389138E-002
   3.00000000000000       1.282330945287154E-004 -3.406831681026113E-002
   3.03125000000000       6.465954558371241E-004 -3.505685504925505E-002
   3.06250000000000       1.181706244991585E-003 -3.478174069073141E-002
   3.09375000000000       1.317461774812483E-003 -3.438829937551649E-002
   3.12500000000000       1.256017624660669E-003 -3.390302326467284E-002
   3.15625000000000       9.833028147839299E-004 -3.329080827595773E-002
   3.18750000000000       2.135225891577504E-004 -3.234644038135161E-002
   3.21875000000000      -1.512271626419492E-003 -3.266048110798153E-002
   3.25000000000000      -2.540048839248622E-003 -3.353930098330223E-002
   3.28125000000000      -3.223466883849081E-003 -3.469026489123162E-002
   3.31250000000000      -3.579426967769229E-003 -3.613616522349401E-002
   3.34375000000000      -3.464135644640647E-003 -3.805973927051060E-002
   3.37500000000000      -1.398764942012388E-003 -4.000109645565075E-002
   3.40625000000000       6.316521296994147E-004 -4.012377511685893E-002
   3.43750000000000       2.285665486900172E-003 -3.974898461908086E-002
   3.46875000000000       3.668880530954616E-003 -3.902594581284345E-002
   3.50000000000000       4.773241763557567E-003 -3.799383167124190E-002
   3.53125000000000       5.467047569558823E-003 -3.659278854800811E-002
   3.56250000000000       5.264590623589120E-003 -3.557141604642671E-002
   3.59375000000000       5.268607330942959E-003 -3.493522218651334E-002
   3.62500000000000       5.306578217988578E-003 -3.435347243766564E-002
   3.65625000000000       5.325995134326263E-003 -3.379832825958506E-002
   3.68750000000000       5.293057804580075E-003 -3.327185512930214E-002
   3.71875000000000       5.144339000609060E-003 -3.281915912908277E-002
   3.75000000000000       5.136929224461280E-003 -3.267519089813251E-002
   3.78125000000000       5.311986496359025E-003 -3.239579436916785E-002
   3.81250000000000       5.514555946331857E-003 -3.202751096298913E-002
   3.84375000000000       5.715484500685451E-003 -3.158801771642279E-002
   3.87500000000000       5.901486645007692E-003 -3.108660332770237E-002
   3.90625000000000       6.076427114547603E-003 -3.052713892472955E-002
   3.93750000000000       6.227166479122594E-003 -2.980851235862974E-002
   3.96875000000000       6.202235048420179E-003 -2.903863555833292E-002
   4.00000000000000       6.068384178358627E-003 -2.824827733844971E-002
   4.03125000000000       5.814239386979422E-003 -2.742766343484507E-002
   4.06250000000000       5.406119074070684E-003 -2.656809007848231E-002
   4.09375000000000       4.766402631566605E-003 -2.565119917523585E-002
   4.12500000000000       3.495785527288451E-003 -2.458266650352337E-002
   4.15625000000000       1.902452909075477E-003 -2.493381284732582E-002
   4.18750000000000       9.406630815997836E-004 -2.546995150449213E-002
   4.21875000000000       2.501226620072711E-004 -2.609085269676167E-002
   4.25000000000000      -2.375745276946439E-004 -2.678260484009984E-002
   4.28125000000000      -5.369751892230169E-004 -2.754928292140578E-002
   4.31250000000000      -6.169291911530767E-004 -2.841528107180631E-002
   4.34375000000000      -1.598704586521618E-004 -2.945308124439261E-002
   4.37500000000000       5.829533577610142E-004 -2.965316634200253E-002
   4.40625000000000       1.066237972160170E-003 -2.970436412082755E-002
   4.43750000000000       1.450292048880813E-003 -2.969389909515710E-002
   4.46875000000000       1.773539815114462E-003 -2.964703020028858E-002
   4.50000000000000       2.053581388668434E-003 -2.957885198160630E-002
   4.53125000000000       2.302013977696914E-003 -2.950332509357453E-002
   4.56250000000000       2.535606672985118E-003 -2.944579695974908E-002
   4.59375000000000       2.848338813704277E-003 -2.935957755421712E-002
   4.62500000000000       3.127444146877252E-003 -2.918790750262105E-002
   4.65625000000000       3.369504478403281E-003 -2.897732238581083E-002
   4.68750000000000       3.574399033528827E-003 -2.873764485432966E-002
   4.71875000000000       3.739784316967978E-003 -2.847483852543250E-002
   4.75000000000000       3.860958950798736E-003 -2.819351109756157E-002
   4.78125000000000       3.927651503116029E-003 -2.789752162811554E-002
   4.81250000000000       3.884777270032575E-003 -2.761283587944168E-002
   4.84375000000000       3.852145301066487E-003 -2.745063031598893E-002
   4.87500000000000       3.847169904512576E-003 -2.728792590585548E-002
   4.90625000000000       3.841986416510340E-003 -2.712022975131844E-002
   4.93750000000000       3.825052641199997E-003 -2.694663823913377E-002
   4.96875000000000       3.786493423426077E-003 -2.676665127409147E-002
   5.00000000000000       3.713128137986822E-003 -2.657922341335734E-002
   5.03125000000000       3.578199330939796E-003 -2.638072815944660E-002
   5.06250000000000       3.228731741527573E-003 -2.621422550293840E-002
   5.09375000000000       2.948422585594383E-003 -2.639468720852339E-002
   5.12500000000000       2.806985664242857E-003 -2.660787059428115E-002
   5.15625000000000       2.742579856022729E-003 -2.684302105678469E-002
   5.18750000000000       2.740666004618167E-003 -2.710037636847478E-002
   5.21875000000000       2.799573197320322E-003 -2.738394991502003E-002
   5.25000000000000       2.927487579509962E-003 -2.770204211981230E-002
   5.28125000000000       3.149386350168821E-003 -2.807203469208490E-002
   5.31250000000000       3.557133159152663E-003 -2.854914120457096E-002
   5.34375000000000       4.460361634797575E-003 -2.867910879378094E-002
   5.37500000000000       5.109797503793937E-003 -2.845994180341548E-002
   5.40625000000000       5.632841654849869E-003 -2.815273171251708E-002
   5.43750000000000       6.063454106303708E-003 -2.778489075612899E-002
   5.46875000000000       6.412008648220109E-003 -2.736958193773838E-002
   5.50000000000000       6.679645065337301E-003 -2.691491899120595E-002
   5.53125000000000       6.860255710890135E-003 -2.642617644363401E-002
   5.56250000000000       6.935448262660270E-003 -2.590536851420825E-002
   5.59375000000000       6.823874209674931E-003 -2.533797517605868E-002
   5.62500000000000       6.527699428226370E-003 -2.512230773368850E-002
   5.65625000000000       6.399130889693629E-003 -2.498007798307356E-002
   5.68750000000000       6.317475437917465E-003 -2.485183539300004E-002
   5.71875000000000       6.259106120997876E-003 -2.473154342177809E-002
   5.75000000000000       6.213187025366509E-003 -2.461704621551732E-002
   5.78125000000000       6.173252181211926E-003 -2.450769093225065E-002
   5.81250000000000       6.134560849053497E-003 -2.440380937985202E-002
   5.84375000000000       6.092572740394982E-003 -2.430697003154833E-002
   5.87500000000000       6.039765564405044E-003 -2.422241672291369E-002
   5.90625000000000       5.993838161861693E-003 -2.418734091785927E-002
   5.93750000000000       5.986908288605583E-003 -2.414665284796943E-002
   5.96875000000000       5.988497264895754E-003 -2.409771441627791E-002
   6.00000000000000       5.993118221061185E-003 -2.404297276850565E-002
   6.03125000000000       5.997216663418418E-003 -2.398302222317172E-002
   6.06250000000000       5.997328624948665E-003 -2.391769002239757E-002
   6.09375000000000       5.989104140221474E-003 -2.384614911395928E-002
   6.12500000000000       5.965794060195085E-003 -2.376657391767371E-002
   6.15625000000000       5.913834272699786E-003 -2.367470172149474E-002
   6.18750000000000       5.779831163318648E-003 -2.355230931461219E-002
   6.21875000000000       5.538852289664642E-003 -2.365256646933922E-002
   6.25000000000000       5.432229552101084E-003 -2.381502685327193E-002
   6.28125000000000       5.383163006900449E-003 -2.399516953577213E-002
   6.31250000000000       5.377433274824298E-003 -2.418876488209505E-002
   6.34375000000000       5.409985278570404E-003 -2.439469594028889E-002
   6.37500000000000       5.479887534150320E-003 -2.461327524945637E-002
   6.40625000000000       5.589458595968617E-003 -2.484601358100045E-002
   6.43750000000000       5.745287445222675E-003 -2.509608946701037E-002
   6.46875000000000       5.962845203975936E-003 -2.537022834560449E-002
   6.50000000000000       6.292487398735514E-003 -2.568898250320135E-002
   6.53125000000000       6.887858225430950E-003 -2.580626468616852E-002
   6.56250000000000       7.325491966819507E-003 -2.573262189638649E-002
   6.59375000000000       7.694329354012428E-003 -2.562755384989110E-002
   6.62500000000000       8.021360808631469E-003 -2.550272294825924E-002
   6.65625000000000       8.317408532465485E-003 -2.536322357487149E-002
   6.68750000000000       8.587982688388764E-003 -2.521195851165541E-002
   6.71875000000000       8.836025234715451E-003 -2.505077948232108E-002
   6.75000000000000       9.062800843757726E-003 -2.488088471777920E-002
   6.78125000000000       9.267933215433835E-003 -2.470288873876710E-002
   6.81250000000000       9.448134966675266E-003 -2.451642893271835E-002
   6.84375000000000       9.584038192638330E-003 -2.431541953067834E-002
   6.87500000000000       9.676870022171038E-003 -2.419507989121900E-002
   6.90625000000000       9.804756885705805E-003 -2.408982899737564E-002
   6.93750000000000       9.942971796055994E-003 -2.398809160409105E-002
   6.96875000000000       1.008714930279282E-002 -2.388825739576142E-002
   7.00000000000000       1.023575148135352E-002 -2.378974513510354E-002
   7.03125000000000       1.038839213167467E-002 -2.369236824103588E-002
   7.06250000000000       1.054543451999285E-002 -2.359616675528285E-002
   7.09375000000000       1.070801253890795E-002 -2.350137545698411E-002
   7.12500000000000       1.087845958820772E-002 -2.340848751485566E-002
   7.15625000000000       1.106181199653337E-002 -2.331852155859879E-002
   7.18750000000000       1.127400541007739E-002 -2.323447347457240E-002
   7.21875000000000       1.154601753230238E-002 -2.307519815650011E-002
   7.25000000000000       1.175299989875040E-002 -2.286816639757011E-002
   7.28125000000000       1.193060952903842E-002 -2.265570124593966E-002
   7.31250000000000       1.208723335399331E-002 -2.243949218700713E-002
   7.34375000000000       1.222582844527694E-002 -2.222026658129065E-002
   7.37500000000000       1.234738584363151E-002 -2.199841723951911E-002
   7.40625000000000       1.245171565774732E-002 -2.177416131768029E-002
   7.43750000000000       1.253755084215235E-002 -2.154758734886106E-002
   7.46875000000000       1.260221020017295E-002 -2.131864711271789E-002
   7.50000000000000       1.264049974948284E-002 -2.108707596860065E-002
   7.53125000000000       1.264105829618851E-002 -2.085209011601525E-002
   7.56250000000000       1.256172707012365E-002 -2.061021307080726E-002
   7.59375000000000       1.240653223717163E-002 -2.056545563499028E-002
   7.62500000000000       1.237342173753030E-002 -2.056145970745785E-002
   7.65625000000000       1.238301120132754E-002 -2.056104570144190E-002
   7.68750000000000       1.242052650718463E-002 -2.056313189230935E-002
   7.71875000000000       1.247972137282331E-002 -2.056737118443563E-002
   7.75000000000000       1.255745677493706E-002 -2.057368376360197E-002
   7.78125000000000       1.265220060541969E-002 -2.058213620882196E-002
   7.81250000000000       1.276350995744217E-002 -2.059290774543465E-002
   7.84375000000000       1.289193449221475E-002 -2.060629759401857E-002
   7.87500000000000       1.303929391098360E-002 -2.062277649433351E-002
   7.90625000000000       1.320976051681883E-002 -2.064314202390723E-002
   7.93750000000000       1.341469959320426E-002 -2.066914706184960E-002
   7.96875000000000       1.370011909806573E-002 -2.065235256053726E-002
   8.00000000000000       1.394311489175472E-002 -2.056217432429712E-002
   8.03125000000000       1.416549694843990E-002 -2.046856161353734E-002
   8.06250000000000       1.438007649280910E-002 -2.037346939832207E-002
   8.09375000000000       1.459197486828565E-002 -2.027785287057506E-002
   8.12500000000000       1.480440181366881E-002 -2.018240881451364E-002
   8.15625000000000       1.501997277738392E-002 -2.008776405907592E-002
   8.18750000000000       1.524128334332558E-002 -1.999457058983976E-002
   8.21875000000000       1.547134495167680E-002 -1.990358998881102E-002
   8.25000000000000       1.571414487357228E-002 -1.981581241748507E-002
   8.28125000000000       1.597570121840758E-002 -1.973268681830692E-002
   8.31250000000000       1.626676562178457E-002 -1.965670959091948E-002
   8.34375000000000       1.661368933049554E-002 -1.959376466801849E-002
   8.37500000000000       1.714217628664029E-002 -1.944826244442092E-002
   8.40625000000000       1.756146759362194E-002 -1.909191462510236E-002
   8.43750000000000       1.789803580675219E-002 -1.871638611219407E-002
   8.46875000000000       1.818492769046321E-002 -1.832934632340047E-002
   8.50000000000000       1.843350418672885E-002 -1.793369783401316E-002
   8.53125000000000       1.864924292759592E-002 -1.753103138134267E-002
   8.56250000000000       1.883497609057794E-002 -1.712235837447973E-002
   8.59375000000000       1.899195016186143E-002 -1.670836663091817E-002
   8.62500000000000       1.912017644664095E-002 -1.628952554368375E-002
   8.65625000000000       1.921840028953722E-002 -1.586612165491898E-002
   8.68750000000000       1.928366683374001E-002 -1.543823935464030E-002
   8.71875000000000       1.931007434133445E-002 -1.500565157501496E-002
   8.75000000000000       1.928490398479658E-002 -1.456743233393184E-002
   8.78125000000000       1.916802902756080E-002 -1.411975591651364E-002
   8.81250000000000       1.889285059789673E-002 -1.387408484320380E-002
   8.84375000000000       1.877893509938640E-002 -1.374200515172788E-002
   8.87500000000000       1.872592812702457E-002 -1.361673010714661E-002
   8.90625000000000       1.871033966702575E-002 -1.349563158402624E-002
   8.93750000000000       1.872306222832212E-002 -1.337770954236682E-002
   8.96875000000000       1.875981289929635E-002 -1.326250614713210E-002
   9.00000000000000       1.881871772782564E-002 -1.314983237601189E-002
   9.03125000000000       1.889948867836762E-002 -1.303967488370332E-002
   9.06250000000000       1.900319591390652E-002 -1.293216968562019E-002
   9.09375000000000       1.913241113972932E-002 -1.282761684106365E-002
   9.12500000000000       1.929178815127937E-002 -1.272654263165640E-002
   9.15625000000000       1.948951318399293E-002 -1.262985537167641E-002
   9.18750000000000       1.974125833627829E-002 -1.253926958269354E-002
   9.21875000000000       2.008559016395144E-002 -1.245895490522568E-002
   9.25000000000000       2.071517339947830E-002 -1.225493543128212E-002
   9.28125000000000       2.116478399989504E-002 -1.168716899770484E-002
   9.31250000000000       2.146876946397850E-002 -1.110147801772774E-002
   9.34375000000000       2.169006616799723E-002 -1.050570263629263E-002
   9.37500000000000       2.184905439824747E-002 -9.902809045077600E-003
   9.40625000000000       2.195552958121367E-002 -9.294507369655928E-003
   9.43750000000000       2.201479064699363E-002 -8.681973922032906E-003
   9.46875000000000       2.202966245395946E-002 -8.066106402843599E-003
   9.50000000000000       2.200130143915707E-002 -7.447639517198091E-003
   9.53125000000000       2.192948202887398E-002 -6.827205772886280E-003
   9.56250000000000       2.181255119941778E-002 -6.205370579674222E-003
   9.59375000000000       2.164701456220697E-002 -5.582652845009119E-003
   9.62500000000000       2.142643406161118E-002 -4.959533321872462E-003
   9.65625000000000       2.113843364766094E-002 -4.336439351846656E-003
   9.68750000000000       2.075359990645447E-002 -3.713620040813761E-003
   9.71875000000000       2.011599997612179E-002 -3.177354499392836E-003
   9.75000000000000       1.960364315845869E-002 -2.983930513035298E-003
   9.78125000000000       1.921017145380425E-002 -2.793795555899100E-003
   9.81250000000000       1.886812148790303E-002 -2.605409857218724E-003
   9.84375000000000       1.855676986244879E-002 -2.418272888780817E-003
   9.87500000000000       1.826564289069776E-002 -2.232128768603400E-003
   9.90625000000000       1.798830200964800E-002 -2.046824290111151E-003
   9.93750000000000       1.772027639198062E-002 -1.862260376878603E-003
   9.96875000000000       1.745815176518323E-002 -1.678370661326994E-003
   10.0000000000000       1.719908097499220E-002 -1.495110610243231E-003
   11.0000000000000       1.563552815908382E-002  0.000000000000000E+000
   12.0000000000000       1.433256747916017E-002  0.000000000000000E+000
   13.0000000000000       1.323006228845554E-002  0.000000000000000E+000
   14.0000000000000       1.228505783928014E-002  0.000000000000000E+000
   15.0000000000000       1.146605398332813E-002  0.000000000000000E+000
   16.0000000000000       1.074942560937013E-002  0.000000000000000E+000
   17.0000000000000       1.011710645587777E-002  0.000000000000000E+000
   18.0000000000000       9.555044986106778E-003  0.000000000000000E+000
   19.0000000000000       9.052147881574843E-003  0.000000000000000E+000
   20.0000000000000       8.599540487496100E-003  0.000000000000000E+000
   21.0000000000000       8.190038559520095E-003  0.000000000000000E+000
   22.0000000000000       7.817764079541909E-003  0.000000000000000E+000
   23.0000000000000       7.477861293474870E-003  0.000000000000000E+000
   24.0000000000000       7.166283739580084E-003  0.000000000000000E+000
   25.0000000000000       6.879632389996880E-003  0.000000000000000E+000
   26.0000000000000       6.615031144227770E-003  0.000000000000000E+000
   27.0000000000000       6.370029990737852E-003  0.000000000000000E+000
   28.0000000000000       6.142528919640072E-003  0.000000000000000E+000
   29.0000000000000       5.930717577583518E-003  0.000000000000000E+000
   30.0000000000000       5.733026991664067E-003  0.000000000000000E+000
   31.0000000000000       5.548090637094259E-003  0.000000000000000E+000
   32.0000000000000       5.374712804685063E-003  0.000000000000000E+000
   33.0000000000000       5.211842719694606E-003  0.000000000000000E+000
   34.0000000000000       5.058553227938883E-003  0.000000000000000E+000
   35.0000000000000       4.914023135712057E-003  0.000000000000000E+000
   36.0000000000000       4.777522493053389E-003  0.000000000000000E+000
   37.0000000000000       4.648400263511406E-003  0.000000000000000E+000
   38.0000000000000       4.526073940787421E-003  0.000000000000000E+000
   39.0000000000000       4.410020762818513E-003  0.000000000000000E+000
   40.0000000000000       4.299770243748050E-003  0.000000000000000E+000
   41.0000000000000       4.194897798778585E-003  0.000000000000000E+000
   42.0000000000000       4.095019279760048E-003  0.000000000000000E+000
   43.0000000000000       3.999786273254000E-003  0.000000000000000E+000
   44.0000000000000       3.908882039770955E-003  0.000000000000000E+000
   45.0000000000000       3.822017994442711E-003  0.000000000000000E+000
   46.0000000000000       3.738930646737435E-003  0.000000000000000E+000
   47.0000000000000       3.659378930849405E-003  0.000000000000000E+000
   48.0000000000000       3.583141869790042E-003  0.000000000000000E+000
   49.0000000000000       3.510016525508612E-003  0.000000000000000E+000
   50.0000000000000       3.439816194998440E-003  0.000000000000000E+000
   51.0000000000000       3.372368818625922E-003  0.000000000000000E+000
   52.0000000000000       3.307515572113885E-003  0.000000000000000E+000
   53.0000000000000       3.245109617923057E-003  0.000000000000000E+000
   54.0000000000000       3.185014995368926E-003  0.000000000000000E+000
   55.0000000000000       3.127105631816764E-003  0.000000000000000E+000
   56.0000000000000       3.071264459820036E-003  0.000000000000000E+000
   57.0000000000000       3.017382627191614E-003  0.000000000000000E+000
   58.0000000000000       2.965358788791759E-003  0.000000000000000E+000
   59.0000000000000       2.915098470337661E-003  0.000000000000000E+000
   60.0000000000000       2.866513495832034E-003  0.000000000000000E+000
   61.0000000000000       2.819521471310197E-003  0.000000000000000E+000
   62.0000000000000       2.774045318547129E-003  0.000000000000000E+000
   63.0000000000000       2.730012853173365E-003  0.000000000000000E+000
   64.0000000000000       2.687356402342531E-003  0.000000000000000E+000
   65.0000000000000       2.646012457691108E-003  0.000000000000000E+000
   66.0000000000000       2.605921359847303E-003  0.000000000000000E+000
   67.0000000000000       2.567027011192866E-003  0.000000000000000E+000
   68.0000000000000       2.529276613969441E-003  0.000000000000000E+000
   69.0000000000000       2.492620431158290E-003  0.000000000000000E+000
   70.0000000000000       2.457011567856029E-003  0.000000000000000E+000
   71.0000000000000       2.422405771125662E-003  0.000000000000000E+000
   72.0000000000000       2.388761246526695E-003  0.000000000000000E+000
   73.0000000000000       2.356038489724959E-003  0.000000000000000E+000
   74.0000000000000       2.324200131755703E-003  0.000000000000000E+000
   75.0000000000000       2.293210796665627E-003  0.000000000000000E+000
   76.0000000000000       2.263036970393711E-003  0.000000000000000E+000
   77.0000000000000       2.233646879869117E-003  0.000000000000000E+000
   78.0000000000000       2.205010381409256E-003  0.000000000000000E+000
   79.0000000000000       2.177098857593950E-003  0.000000000000000E+000
   80.0000000000000       2.149885121874025E-003  0.000000000000000E+000
   81.0000000000000       2.123343330245951E-003  0.000000000000000E+000
   82.0000000000000       2.097448899389293E-003  0.000000000000000E+000
   83.0000000000000       2.072178430721952E-003  0.000000000000000E+000
   84.0000000000000       2.047509639880024E-003  0.000000000000000E+000
   85.0000000000000       2.023421291175553E-003  0.000000000000000E+000
   86.0000000000000       1.999893136627000E-003  0.000000000000000E+000
   87.0000000000000       1.976905859194506E-003  0.000000000000000E+000
   88.0000000000000       1.954441019885477E-003  0.000000000000000E+000
   89.0000000000000       1.932481008426090E-003  0.000000000000000E+000
   90.0000000000000       1.911008997221356E-003  0.000000000000000E+000
   91.0000000000000       1.890008898350791E-003  0.000000000000000E+000
   92.0000000000000       1.869465323368717E-003  0.000000000000000E+000
   93.0000000000000       1.849363545698086E-003  0.000000000000000E+000
   94.0000000000000       1.829689465424702E-003  0.000000000000000E+000
   95.0000000000000       1.810429576314969E-003  0.000000000000000E+000
   96.0000000000000       1.791570934895021E-003  0.000000000000000E+000
   97.0000000000000       1.773101131442495E-003  0.000000000000000E+000
   98.0000000000000       1.755008262754306E-003  0.000000000000000E+000
   99.0000000000000       1.737280906564869E-003  0.000000000000000E+000
   100.000000000000       1.719908097499220E-003  0.000000000000000E+000
   101.000000000000       1.702879304454673E-003  0.000000000000000E+000
   102.000000000000       1.686184409312961E-003  0.000000000000000E+000
   103.000000000000       1.669813686892447E-003  0.000000000000000E+000
   104.000000000000       1.653757786056942E-003  0.000000000000000E+000
   105.000000000000       1.638007711904019E-003  0.000000000000000E+000
   106.000000000000       1.622554808961528E-003  0.000000000000000E+000
   107.000000000000       1.607390745326374E-003  0.000000000000000E+000
   108.000000000000       1.592507497684463E-003  0.000000000000000E+000
   109.000000000000       1.577897337155248E-003  0.000000000000000E+000
   110.000000000000       1.563552815908382E-003  0.000000000000000E+000
   111.000000000000       1.549466754503802E-003  0.000000000000000E+000
   112.000000000000       1.535632229910018E-003  0.000000000000000E+000
   113.000000000000       1.522042564158602E-003  0.000000000000000E+000
   114.000000000000       1.508691313595807E-003  0.000000000000000E+000
   115.000000000000       1.495572258694974E-003  0.000000000000000E+000
   116.000000000000       1.482679394395879E-003  0.000000000000000E+000
   117.000000000000       1.470006920939504E-003  0.000000000000000E+000
   118.000000000000       1.457549235168831E-003  0.000000000000000E+000
   119.000000000000       1.445300922268252E-003  0.000000000000000E+000
   120.000000000000       1.433256747916017E-003  0.000000000000000E+000
   121.000000000000       1.421411650825802E-003  0.000000000000000E+000
   122.000000000000       1.409760735655098E-003  0.000000000000000E+000
   123.000000000000       1.398299266259529E-003  0.000000000000000E+000
   124.000000000000       1.387022659273565E-003  0.000000000000000E+000
   125.000000000000       1.375926477999376E-003  0.000000000000000E+000
   126.000000000000       1.365006426586683E-003  0.000000000000000E+000
   127.000000000000       1.354258344487575E-003  0.000000000000000E+000
   128.000000000000       1.343678201171266E-003  0.000000000000000E+000
   129.000000000000       1.333262091084667E-003  0.000000000000000E+000
   130.000000000000       1.323006228845554E-003  0.000000000000000E+000
   131.000000000000       1.312906944655893E-003  0.000000000000000E+000
   132.000000000000       1.302960679923652E-003  0.000000000000000E+000
   133.000000000000       1.293163983082120E-003  0.000000000000000E+000
   134.000000000000       1.283513505596433E-003  0.000000000000000E+000
   135.000000000000       1.274005998147570E-003  0.000000000000000E+000
   136.000000000000       1.264638306984721E-003  0.000000000000000E+000
   137.000000000000       1.255407370437387E-003  0.000000000000000E+000
   138.000000000000       1.246310215579145E-003  0.000000000000000E+000
   139.000000000000       1.237343955035410E-003  0.000000000000000E+000
   140.000000000000       1.228505783928014E-003  0.000000000000000E+000
   141.000000000000       1.219792976949802E-003  0.000000000000000E+000
   142.000000000000       1.211202885562831E-003  0.000000000000000E+000
   143.000000000000       1.202732935314140E-003  0.000000000000000E+000
   144.000000000000       1.194380623263347E-003  0.000000000000000E+000
   145.000000000000       1.186143515516704E-003  0.000000000000000E+000
   146.000000000000       1.178019244862479E-003  0.000000000000000E+000
   147.000000000000       1.170005508502871E-003  0.000000000000000E+000
   148.000000000000       1.162100065877851E-003  0.000000000000000E+000
   149.000000000000       1.154300736576658E-003  0.000000000000000E+000
   150.000000000000       1.146605398332813E-003  0.000000000000000E+000
   151.000000000000       1.139011985098821E-003  0.000000000000000E+000
   152.000000000000       1.131518485196855E-003  0.000000000000000E+000
   153.000000000000       1.124122939541974E-003  0.000000000000000E+000
   154.000000000000       1.116823439934558E-003  0.000000000000000E+000
   155.000000000000       1.109618127418852E-003  0.000000000000000E+000
   156.000000000000       1.102505190704628E-003  0.000000000000000E+000
   157.000000000000       1.095482864649185E-003  0.000000000000000E+000
   158.000000000000       1.088549428796975E-003  0.000000000000000E+000
   159.000000000000       1.081703205974352E-003  0.000000000000000E+000
   160.000000000000       1.074942560937013E-003  0.000000000000000E+000
   161.000000000000       1.068265899067839E-003  0.000000000000000E+000
   162.000000000000       1.061671665122975E-003  0.000000000000000E+000
   163.000000000000       1.055158342024061E-003  0.000000000000000E+000
   164.000000000000       1.048724449694646E-003  0.000000000000000E+000
   165.000000000000       1.042368543938921E-003  0.000000000000000E+000
   166.000000000000       1.036089215360976E-003  0.000000000000000E+000
   167.000000000000       1.029885088322886E-003  0.000000000000000E+000
   168.000000000000       1.023754819940012E-003  0.000000000000000E+000
   169.000000000000       1.017697099111965E-003  0.000000000000000E+000
   170.000000000000       1.011710645587776E-003  0.000000000000000E+000
   171.000000000000       1.005794209063871E-003  0.000000000000000E+000
   172.000000000000       9.999465683135000E-004  0.000000000000000E+000
   173.000000000000       9.941665303463700E-004  0.000000000000000E+000
   174.000000000000       9.884529295972528E-004  0.000000000000000E+000
   175.000000000000       9.828046271424115E-004  0.000000000000000E+000
   176.000000000000       9.772205099427386E-004  0.000000000000000E+000
   177.000000000000       9.716994901125538E-004  0.000000000000000E+000
   178.000000000000       9.662405042130450E-004  0.000000000000000E+000
   179.000000000000       9.608425125693967E-004  0.000000000000000E+000
   180.000000000000       9.555044986106778E-004  0.000000000000000E+000
   181.000000000000       9.502254682316133E-004  0.000000000000000E+000
   182.000000000000       9.450044491753956E-004  0.000000000000000E+000
   183.000000000000       9.398404904367323E-004  0.000000000000000E+000
   184.000000000000       9.347326616843587E-004  0.000000000000000E+000
   185.000000000000       9.296800527022811E-004  0.000000000000000E+000
   186.000000000000       9.246817728490430E-004  0.000000000000000E+000
   187.000000000000       9.197369505343423E-004  0.000000000000000E+000
   188.000000000000       9.148447327123511E-004  0.000000000000000E+000
   189.000000000000       9.100042843911217E-004  0.000000000000000E+000
   190.000000000000       9.052147881574843E-004  0.000000000000000E+000
   191.000000000000       9.004754437168691E-004  0.000000000000000E+000
   192.000000000000       8.957854674475105E-004  0.000000000000000E+000
   193.000000000000       8.911440919685079E-004  0.000000000000000E+000
   194.000000000000       8.865505657212475E-004  0.000000000000000E+000
   195.000000000000       8.820041525637026E-004  0.000000000000000E+000
   196.000000000000       8.775041313771531E-004  0.000000000000000E+000
   197.000000000000       8.730497956848833E-004  0.000000000000000E+000
   198.000000000000       8.686404532824344E-004  0.000000000000000E+000
   199.000000000000       8.642754258790051E-004  0.000000000000000E+000
   200.000000000000       8.599540487496100E-004  0.000000000000000E+000
   201.000000000000       8.556756703976219E-004  0.000000000000000E+000
   202.000000000000       8.514396522273367E-004  0.000000000000000E+000
   203.000000000000       8.472453682262168E-004  0.000000000000000E+000
   204.000000000000       8.430922046564804E-004  0.000000000000000E+000
   205.000000000000       8.389795597557172E-004  0.000000000000000E+000
   206.000000000000       8.349068434462233E-004  0.000000000000000E+000
   207.000000000000       8.308734770527633E-004  0.000000000000000E+000
   208.000000000000       8.268788930284712E-004  0.000000000000000E+000
   209.000000000000       8.229225346886221E-004  0.000000000000000E+000
   210.000000000000       8.190038559520096E-004  0.000000000000000E+000
   211.000000000000       8.151223210896778E-004  0.000000000000000E+000
   212.000000000000       8.112774044807642E-004  0.000000000000000E+000
   213.000000000000       8.074685903752207E-004  0.000000000000000E+000
   214.000000000000       8.036953726631870E-004  0.000000000000000E+000
   215.000000000000       7.999572546508000E-004  0.000000000000000E+000
   216.000000000000       7.962537488422315E-004  0.000000000000000E+000
   217.000000000000       7.925843767277511E-004  0.000000000000000E+000
   218.000000000000       7.889486685776239E-004  0.000000000000000E+000
   219.000000000000       7.853461632416530E-004  0.000000000000000E+000
   220.000000000000       7.817764079541909E-004  0.000000000000000E+000
   221.000000000000       7.782389581444435E-004  0.000000000000000E+000
   222.000000000000       7.747333772519009E-004  0.000000000000000E+000
   223.000000000000       7.712592365467355E-004  0.000000000000000E+000
   224.000000000000       7.678161149550090E-004  0.000000000000000E+000
   225.000000000000       7.644035988885423E-004  0.000000000000000E+000
   226.000000000000       7.610212820793010E-004  0.000000000000000E+000
   227.000000000000       7.576687654181586E-004  0.000000000000000E+000
   228.000000000000       7.543456567979035E-004  0.000000000000000E+000
   229.000000000000       7.510515709603581E-004  0.000000000000000E+000
   230.000000000000       7.477861293474870E-004  0.000000000000000E+000
   231.000000000000       7.445489599563724E-004  0.000000000000000E+000
   232.000000000000       7.413396971979397E-004  0.000000000000000E+000
   233.000000000000       7.381579817593219E-004  0.000000000000000E+000
   234.000000000000       7.350034604697522E-004  0.000000000000000E+000
   235.000000000000       7.318757861698809E-004  0.000000000000000E+000
   236.000000000000       7.287746175844153E-004  0.000000000000000E+000
   237.000000000000       7.256996191979831E-004  0.000000000000000E+000
   238.000000000000       7.226504611341260E-004  0.000000000000000E+000
   239.000000000000       7.196268190373306E-004  0.000000000000000E+000
   240.000000000000       7.166283739580084E-004  0.000000000000000E+000
   241.000000000000       7.136548122403403E-004  0.000000000000000E+000
   242.000000000000       7.107058254129009E-004  0.000000000000000E+000
   243.000000000000       7.077811100819836E-004  0.000000000000000E+000
   244.000000000000       7.048803678275492E-004  0.000000000000000E+000
   245.000000000000       7.020033051017225E-004  0.000000000000000E+000
   246.000000000000       6.991496331297643E-004  0.000000000000000E+000
   247.000000000000       6.963190678134494E-004  0.000000000000000E+000
   248.000000000000       6.935113296367823E-004  0.000000000000000E+000
   249.000000000000       6.907261435739840E-004  0.000000000000000E+000
   250.000000000000       6.879632389996881E-004  0.000000000000000E+000
   251.000000000000       6.852223496012829E-004  0.000000000000000E+000
   252.000000000000       6.825032132933413E-004  0.000000000000000E+000
   253.000000000000       6.798055721340791E-004  0.000000000000000E+000
   254.000000000000       6.771291722437874E-004  0.000000000000000E+000
   255.000000000000       6.744737637251843E-004  0.000000000000000E+000
   256.000000000000       6.718391005856328E-004  0.000000000000000E+000
   257.000000000000       6.692249406611751E-004  0.000000000000000E+000
   258.000000000000       6.666310455423334E-004  0.000000000000000E+000
   259.000000000000       6.640571805016294E-004  0.000000000000000E+000
   260.000000000000       6.615031144227769E-004  0.000000000000000E+000
   261.000000000000       6.589686197315019E-004  0.000000000000000E+000
   262.000000000000       6.564534723279466E-004  0.000000000000000E+000
   263.000000000000       6.539574515206160E-004  0.000000000000000E+000
   264.000000000000       6.514803399618258E-004  0.000000000000000E+000
   265.000000000000       6.490219235846113E-004  0.000000000000000E+000
   266.000000000000       6.465819915410602E-004  0.000000000000000E+000
   267.000000000000       6.441603361420300E-004  0.000000000000000E+000
   268.000000000000       6.417567527982164E-004  0.000000000000000E+000
   269.000000000000       6.393710399625354E-004  0.000000000000000E+000
   270.000000000000       6.370029990737852E-004  0.000000000000000E+000
   271.000000000000       6.346524345015572E-004  0.000000000000000E+000
   272.000000000000       6.323191534923603E-004  0.000000000000000E+000
   273.000000000000       6.300029661169304E-004  0.000000000000000E+000
   274.000000000000       6.277036852186935E-004  0.000000000000000E+000
   275.000000000000       6.254211263633528E-004  0.000000000000000E+000
   276.000000000000       6.231551077895725E-004  0.000000000000000E+000
   277.000000000000       6.209054503607292E-004  0.000000000000000E+000
   278.000000000000       6.186719775177050E-004  0.000000000000000E+000
   279.000000000000       6.164545152326954E-004  0.000000000000000E+000
   280.000000000000       6.142528919640071E-004  0.000000000000000E+000
   281.000000000000       6.120669386118221E-004  0.000000000000000E+000
   282.000000000000       6.098964884749008E-004  0.000000000000000E+000
   283.000000000000       6.077413772082050E-004  0.000000000000000E+000
   284.000000000000       6.056014427814155E-004  0.000000000000000E+000
   285.000000000000       6.034765254383229E-004  0.000000000000000E+000
   286.000000000000       6.013664676570700E-004  0.000000000000000E+000
   287.000000000000       5.992711141112265E-004  0.000000000000000E+000
   288.000000000000       5.971903116316736E-004  0.000000000000000E+000
   289.000000000000       5.951239091692803E-004  0.000000000000000E+000
   290.000000000000       5.930717577583518E-004  0.000000000000000E+000
   291.000000000000       5.910337104808316E-004  0.000000000000000E+000
   292.000000000000       5.890096224312397E-004  0.000000000000000E+000
   293.000000000000       5.869993506823276E-004  0.000000000000000E+000
   294.000000000000       5.850027542514354E-004  0.000000000000000E+000
   295.000000000000       5.830196940675322E-004  0.000000000000000E+000
   296.000000000000       5.810500329389257E-004  0.000000000000000E+000
   297.000000000000       5.790936355216229E-004  0.000000000000000E+000
   298.000000000000       5.771503682883289E-004  0.000000000000000E+000
   299.000000000000       5.752200994980669E-004  0.000000000000000E+000
   300.000000000000       5.733026991664067E-004  0.000000000000000E+000
   301.000000000000       5.713980390362858E-004  0.000000000000000E+000
   302.000000000000       5.695059925494106E-004  0.000000000000000E+000
   303.000000000000       5.676264348182244E-004  0.000000000000000E+000
   304.000000000000       5.657592425984277E-004  0.000000000000000E+000
   305.000000000000       5.639042942620394E-004  0.000000000000000E+000
   306.000000000000       5.620614697709870E-004  0.000000000000000E+000
   307.000000000000       5.602306506512117E-004  0.000000000000000E+000
   308.000000000000       5.584117199672792E-004  0.000000000000000E+000
   309.000000000000       5.566045622974823E-004  0.000000000000000E+000
   310.000000000000       5.548090637094258E-004  0.000000000000000E+000
