  0.000000000000000E+000  -1.87058649579667      -1.809199453884921E-017
  7.812500000000000E-003  -1.87089600626194      -2.118728411221479E-003
  1.562500000000000E-002  -1.87147410786254      -4.428915945577029E-003
  2.343750000000000E-002  -1.87261594642538      -6.864391230000572E-003
  3.125000000000000E-002  -1.87349720961261      -9.015037997873190E-003
  3.906250000000000E-002  -1.87560817677710      -1.006662622140933E-002
  4.687500000000000E-002  -1.87963982805350      -1.111346741721866E-002
  5.468750000000000E-002  -1.88838079386123      -9.838488920894917E-003
  6.250000000000000E-002  -1.91154107275255      -1.466079187248236E-002
  7.031250000000000E-002  -1.61285181378225      -0.101775511532050     
  7.812500000000000E-002  -1.85016322127385      -7.446629109606784E-002
  8.593750000000000E-002  -1.84529011004431      -1.174282852825964E-002
  9.375000000000000E-002  -1.87770749143062      -7.308317811259183E-003
  0.101562500000000       -1.90019699586839      -1.891116575407051E-002
  0.109375000000000       -1.91257147422571      -3.073148990807579E-002
  0.117187500000000       -1.92320221141248      -4.428321806953702E-002
  0.125000000000000       -1.93462119460669      -5.840669712313530E-002
  0.132812500000000       -1.94451563801872      -8.026739301259705E-002
  0.140625000000000       -1.95391378547708      -0.111366854560637     
  0.148437500000000       -1.93900444176377      -0.152927238965877     
  0.156250000000000       -1.89146657834350      -0.189570430994080     
  0.164062500000000       -1.85530358946161      -0.155275321470468     
  0.171875000000000       -1.84554567151303      -0.145610497527749     
  0.179687500000000       -1.84026013443768      -0.124062547690336     
  0.187500000000000       -1.84796851566057      -0.117631728978428     
  0.195312500000000       -1.85298684330129      -0.114452398101195     
  0.203125000000000       -1.85889144651246      -0.115723641364097     
  0.210937500000000       -1.86162224169590      -0.118279483426361     
  0.218750000000000       -1.86306431262649      -0.121713009220081     
  0.226562500000000       -1.86184175312123      -0.123618271728911     
  0.234375000000000       -1.86085856875612      -0.122509834412568     
  0.242187500000000       -1.86354891937440      -0.122130194705064     
  0.250000000000000       -1.86327340638636      -0.122147172258189     
  0.257812500000000       -1.86302871411813      -0.116934342095874     
  0.265625000000000       -1.87095467068313      -0.113708830669078     
  0.273437500000000       -1.87622692324140      -0.112642269316497     
  0.281250000000000       -1.88139697875959      -0.107866546615260     
  0.289062500000000       -1.89401582630483      -0.107313159414392     
  0.296875000000000       -1.90304180363353      -0.108205702857015     
  0.304687500000000       -1.91284486729988      -0.105342945942585     
  0.312500000000000       -1.93170451154197      -0.108052719239759     
  0.320312500000000       -1.94630912118839      -0.115376003292703     
  0.328125000000000       -1.96007954298650      -0.123577283592638     
  0.335937500000000       -1.97281317436715      -0.134623095222712     
  0.343750000000000       -1.98374859842944      -0.144849074770037     
  0.351562500000000       -1.99544701122289      -0.154826026688355     
  0.359375000000000       -2.00944658997804      -0.166784401278666     
  0.367187500000000       -2.02213555744226      -0.181068250808827     
  0.375000000000000       -2.03593985402825      -0.197118215404720     
  0.382812500000000       -2.05080055317584      -0.218539870890373     
  0.390625000000000       -2.05646107331528      -0.244666151044746     
  0.398437500000000       -2.06193033510737      -0.267313489990618     
  0.406250000000000       -2.06692394205473      -0.293580937214666     
  0.414062500000000       -2.06341991315011      -0.327778540886710     
  0.421875000000000       -2.05074113061762      -0.344288363736664     
  0.429687500000000       -2.04634293795439      -0.361516526179777     
  0.437500000000000       -2.04199836358722      -0.381609838894615     
  0.445312500000000       -2.03269602973918      -0.402366916647918     
  0.453125000000000       -2.02592444647454      -0.418886712216023     
  0.460937500000000       -2.01936892676104      -0.439265706707399     
  0.468750000000000       -2.00948893779801      -0.463477355156561     
  0.476562500000000       -1.98923063165469      -0.490808519009780     
  0.484375000000000       -1.96529768537313      -0.501926992000664     
  0.492187500000000       -1.94577242931597      -0.516466314337995     
  0.500000000000000       -1.92102174520690      -0.533103407426682     
  0.507812500000000       -1.88382314541696      -0.547911451903076     
  0.515625000000000       -1.83736783915124      -0.535107962546489     
  0.523437500000000       -1.81162343655059      -0.511245254994874     
  0.531250000000000       -1.79606219769002      -0.490397415527310     
  0.539062500000000       -1.78261169992772      -0.469729895707684     
  0.546875000000000       -1.77264472764226      -0.440333973220422     
  0.554687500000000       -1.78283198878816      -0.418649328960277     
  0.562500000000000       -1.78947662632459      -0.405616261197046     
  0.570312500000000       -1.79380098505522      -0.393970427904333     
  0.578125000000000       -1.79695191388794      -0.380047034676737     
  0.585937500000000       -1.80695956805118      -0.357050181616737     
  0.593750000000000       -1.82905114076542      -0.346865304835273     
  0.601562500000000       -1.84827773919602      -0.342844842813568     
  0.609375000000000       -1.86631446853777      -0.341678258177866     
  0.617187500000000       -1.88442296766299      -0.342767031772306     
  0.625000000000000       -1.90375208257848      -0.349958946450020     
  0.632812500000000       -1.91485592266416      -0.359186459785540     
  0.640625000000000       -1.92436812543938      -0.366336485785264     
  0.648437500000000       -1.93335321277619      -0.372430414652487     
  0.656250000000000       -1.94253341168284      -0.377679986661083     
  0.664062500000000       -1.95369784343974      -0.382327505844924     
  0.671875000000000       -1.96453458063159      -0.392119086303075     
  0.679687500000000       -1.97202078018036      -0.401173580111549     
  0.687500000000000       -1.97793762727208      -0.408971194818617     
  0.695312500000000       -1.98283379105794      -0.414756488204837     
  0.703125000000000       -1.98766121732352      -0.416925193969906     
  0.710937500000000       -2.00087728883096      -0.414515567460265     
  0.718750000000000       -2.01627605136495      -0.421352783058244     
  0.726562500000000       -2.02935519769998      -0.429710748843989     
  0.734375000000000       -2.04137938779319      -0.438288933425582     
  0.742187500000000       -2.05292681621952      -0.446541588602130     
  0.750000000000000       -2.06445956611049      -0.453376094403845     
  0.757812500000000       -2.08201014208587      -0.459148203526481     
  0.765625000000000       -2.09973382122520      -0.471224259356948     
  0.773437500000000       -2.11612871426651      -0.485081933910907     
  0.781250000000000       -2.13191610420798      -0.500072379949805     
  0.789062500000000       -2.14770179100373      -0.516127449287344     
  0.796875000000000       -2.16466949543825      -0.533880311627953     
  0.804687500000000       -2.18014801508582      -0.560316993982860     
  0.812500000000000       -2.18689736972952      -0.584549871474069     
  0.820312500000000       -2.19149511811132      -0.606629864518278     
  0.828125000000000       -2.19371338624300      -0.627145102703033     
  0.835937500000000       -2.19250528390382      -0.645320999411942     
  0.843750000000000       -2.18569313116934      -0.657983093680299     
  0.851562500000000       -2.17280594932614      -0.643566537164003     
  0.859375000000000       -2.20611776373542      -0.629820786821422     
  0.867187500000000       -2.24101870760714      -0.634014546097448     
  0.875000000000000       -2.27677065628186      -0.645518553793301     
  0.882812500000000       -2.31449761152861      -0.661828824368058     
  0.890625000000000       -2.35621876899448      -0.682245096719956     
  0.898437500000000       -2.40688902932579      -0.707624932841169     
  0.906250000000000       -2.47257974316727      -0.765563072739612     
  0.914062500000000       -2.50505517186702      -0.835203570728678     
  0.921875000000000       -2.53290600335433      -0.903621189980680     
  0.929687500000000       -2.55839385032362      -0.977812105660682     
  0.937500000000000       -2.58018497010953       -1.06295040416122     
  0.945312500000000       -2.59312769931247       -1.16555094225334     
  0.953125000000000       -2.58079294828092       -1.29524256321791     
  0.960937500000000       -2.47099415394060       -1.40977450855082     
  0.968750000000000       -2.40002965111337       -1.43572342857328     
  0.976562500000000       -2.35377743693372       -1.46640620071667     
  0.984375000000000       -2.31502224884465       -1.50205050679202     
  0.992187500000000       -2.27715403739285       -1.54216491542166     
   1.00000000000000       -2.23550219833092       -1.58561454811287     
   1.00781250000000       -2.18531069029291       -1.62947949659720     
   1.01562500000000       -2.12036640591017       -1.66341152988248     
   1.02343750000000       -2.07398041371472       -1.67477117055348     
   1.03125000000000       -2.03352150915703       -1.70024662152364     
   1.03906250000000       -1.98804807558952       -1.73117460039119     
   1.04687500000000       -1.93429232218948       -1.76390153729474     
   1.05468750000000       -1.86948945908402       -1.79488399018718     
   1.06250000000000       -1.79047937107619       -1.81921089933752     
   1.07031250000000       -1.69263273697262       -1.82781195220129     
   1.07812500000000       -1.56888574631014       -1.77779981123131     
   1.08593750000000       -1.53522998947343       -1.69278186310457     
   1.09375000000000       -1.52490613591247       -1.63721031215516     
   1.10156250000000       -1.52521647572577       -1.59756433083353     
   1.10937500000000       -1.53213195997680       -1.57035554367255     
   1.11718750000000       -1.54369032051436       -1.55420772956372     
   1.12500000000000       -1.55905676570512       -1.54910149891625     
   1.13281250000000       -1.57851945449603       -1.55719924059796     
   1.14062500000000       -1.60615218204086       -1.59210762697355     
   1.14843750000000       -1.57654911457657       -1.65301798361541     
   1.15625000000000       -1.53513141754858       -1.68620371547739     
   1.16406250000000       -1.48905399661104       -1.70899555252407     
   1.17187500000000       -1.43923183016598       -1.72360047783959     
   1.17968750000000       -1.38631946870840       -1.73018512368085     
   1.18750000000000       -1.33109717425265       -1.72796439068404     
   1.19531250000000       -1.27472614384973       -1.71530488718633     
   1.20312500000000       -1.21903923955937       -1.68890959547463     
   1.21093750000000       -1.18100144778452       -1.63647979494274     
   1.21875000000000       -1.17040812290048       -1.60251670955358     
   1.22656250000000       -1.15970682471388       -1.57853125911836     
   1.23437500000000       -1.14862607067601       -1.55899901024624     
   1.24218750000000       -1.13725188338897       -1.54188639958420     
   1.25000000000000       -1.12576288854706       -1.52611634875574     
   1.25781250000000       -1.11440723112672       -1.51099822827256     
   1.26562500000000       -1.10357723965820       -1.49598445838846     
   1.27343750000000       -1.09420497395275       -1.48044208242116     
   1.28125000000000       -1.09120394888158       -1.46693889647190     
   1.28906250000000       -1.08450730628500       -1.46150580766680     
   1.29687500000000       -1.07386083486246       -1.45621877624368     
   1.30468750000000       -1.06074096965119       -1.45006748404311     
   1.31250000000000       -1.04590214941324       -1.44244829793076     
   1.32031250000000       -1.02996703009108       -1.43287462548239     
   1.32812500000000       -1.01359038782374       -1.42090756407747     
   1.33593750000000      -0.997583562677401       -1.40612464426195     
   1.34375000000000      -0.983148368858112       -1.38806484885947     
   1.35156250000000      -0.973201380488446       -1.36571514406847     
   1.35937500000000      -0.971951032924272       -1.35059051477907     
   1.36718750000000      -0.965765384524245       -1.33877608564129     
   1.37500000000000      -0.957653578135515       -1.32644017902564     
   1.38281250000000      -0.948538605660800       -1.31281535120673     
   1.39062500000000      -0.939039610421606       -1.29740431472655     
   1.39843750000000      -0.929720741790508       -1.27977331728582     
   1.40625000000000      -0.921199287348070       -1.25945503408287     
   1.41406250000000      -0.914263020051433       -1.23581905640886     
   1.42187500000000      -0.910155175418261       -1.20769001181286     
   1.42968750000000      -0.912635175427405       -1.16999617865261     
   1.43750000000000      -0.940100833451149       -1.14437504765511     
   1.44531250000000      -0.961359289780313       -1.13150160723458     
   1.45312500000000      -0.979945488360481       -1.12290293838644     
   1.46093750000000      -0.996926856050959       -1.11700581416574     
   1.46875000000000       -1.01291909731735       -1.11315173288415     
   1.47656250000000       -1.02838353760881       -1.11106000017244     
   1.48437500000000       -1.04374153890272       -1.11069311211578     
   1.49218750000000       -1.05946433183977       -1.11226455803998     
   1.50000000000000       -1.07622966378259       -1.11642300023112     
   1.50781250000000       -1.09552228053589       -1.12522736359360     
   1.51562500000000       -1.10991074997041       -1.15047171483820     
   1.52343750000000       -1.10876866420700       -1.17081579356159     
   1.53125000000000       -1.10426824383648       -1.18702242412493     
   1.53906250000000       -1.09733075611178       -1.20059921334419     
   1.54687500000000       -1.08831898129393       -1.21192998131382     
   1.55468750000000       -1.07744336939005       -1.22103775501058     
   1.56250000000000       -1.06485767616740       -1.22773348999369     
   1.57031250000000       -1.05068802846371       -1.23161390029046     
   1.57812500000000       -1.03503483885764       -1.23189526095302     
   1.58593750000000       -1.01806406539528       -1.22672544731565     
   1.59375000000000       -1.00163685111186       -1.21004710508271     
   1.60156250000000       -1.01656389639027       -1.18337356959079     
   1.60937500000000       -1.04000353916813       -1.19313411774339     
   1.61718750000000       -1.03904136219866       -1.22394471058306     
   1.62500000000000       -1.00927725463193       -1.24250918799401     
   1.63281250000000      -0.976015618675505       -1.23784770212264     
   1.64062500000000      -0.950853064331628       -1.22087761154811     
   1.64843750000000      -0.933200722029546       -1.19894041799747     
   1.65625000000000      -0.920992927369309       -1.17425425988717     
   1.66406250000000      -0.913191516714245       -1.14687588010337     
   1.67187500000000      -0.909913536953429       -1.11592621919859     
   1.67968750000000      -0.912843012982826       -1.07948655766096     
   1.68750000000000      -0.934421858419807       -1.03104240342616     
   1.69531250000000      -0.976745947320222       -1.01436684253478     
   1.70312500000000       -1.00872160960304       -1.00780593248685     
   1.71093750000000       -1.03634616540336       -1.00513254290773     
   1.71875000000000       -1.06141274843157       -1.00467812600348     
   1.72656250000000       -1.08491907216798       -1.00565202742816     
   1.73437500000000       -1.10757359739957       -1.00760338815417     
   1.74218750000000       -1.12997810440961       -1.01025003188736     
   1.75000000000000       -1.15273347981028       -1.01340936066346     
   1.75781250000000       -1.17654356446549       -1.01697092124917     
   1.76562500000000       -1.20238936426249       -1.02089943817793     
   1.77343750000000       -1.23200444224145       -1.02530606813730     
   1.78125000000000       -1.27170875913443       -1.03141760503912     
   1.78906250000000       -1.31163909782079       -1.05740816852929     
   1.79687500000000       -1.34591897798283       -1.08708413504949     
   1.80468750000000       -1.37790248899288       -1.12178612840967     
   1.81250000000000       -1.40741479197504       -1.16255335047696     
   1.82031250000000       -1.43320919468796       -1.21037301354169     
   1.82812500000000       -1.45301320971719       -1.26586358870519     
   1.83593750000000       -1.46352682065713       -1.32863504872455     
   1.84375000000000       -1.46087263671248       -1.39635150062430     
   1.85156250000000       -1.44198380991596       -1.46395367066615     
   1.85937500000000       -1.40684680591310       -1.52413208451597     
   1.86718750000000       -1.36014537136253       -1.56987579629794     
   1.87500000000000       -1.31048095421719       -1.59805334184011     
   1.88281250000000       -1.26383796851917       -1.61264993224510     
   1.89062500000000       -1.23010574739369       -1.61253426957226     
   1.89843750000000       -1.21008824973215       -1.61451134493233     
   1.90625000000000       -1.19656455089272       -1.62194112032339     
   1.91406250000000       -1.18535111462259       -1.63486159200836     
   1.92187500000000       -1.17391457578672       -1.65249349440611     
   1.92968750000000       -1.16064212270327       -1.67389974263665     
   1.93750000000000       -1.14442164147341       -1.69816093357728     
   1.94531250000000       -1.12440136488937       -1.72438952133316     
   1.95312500000000       -1.09984835107970       -1.75168667526997     
   1.96093750000000       -1.07005112817507       -1.77907170096869     
   1.96875000000000       -1.03420542452325       -1.80537542261784     
   1.97656250000000      -0.991088831950692       -1.82900991424284     
   1.98437500000000      -0.935346114262120       -1.84594947630802     
   1.99218750000000      -0.886922667924740       -1.83988419665847     
   2.00000000000000      -0.846088811930127       -1.83480351256857     
   2.00781250000000      -0.807628041534683       -1.82869883354886     
   2.01562500000000      -0.770492003692757       -1.82100818355286     
   2.02343750000000      -0.734287414803489       -1.81135873094227     
   2.03125000000000      -0.698885743153435       -1.79942880507803     
   2.03906250000000      -0.664311163909391       -1.78490307473360     
   2.04687500000000      -0.630702579035826       -1.76744738789788     
   2.05468750000000      -0.598306640423205       -1.74668362053214     
   2.06250000000000      -0.567493219441393       -1.72215038137746     
   2.07031250000000      -0.538802667993566       -1.69322324748631     
   2.07812500000000      -0.513068897745588       -1.65891436301579     
   2.08593750000000      -0.491824562572495       -1.61717910703246     
   2.09375000000000      -0.482699813275764       -1.55761141269540     
   2.10156250000000      -0.509432835901362       -1.52083625226803     
   2.10937500000000      -0.528438126982829       -1.49982398682924     
   2.11718750000000      -0.544213739680740       -1.48501746753980     
   2.12500000000000      -0.557936608266835       -1.47410993951180     
   2.13281250000000      -0.570212204816327       -1.46602240633828     
   2.14062500000000      -0.581424242546678       -1.46014869083532     
   2.14843750000000      -0.591847509719447       -1.45612089091322     
   2.15625000000000      -0.601697841660811       -1.45371376757307     
   2.16406250000000      -0.611159752577840       -1.45280175796133     
   2.17187500000000      -0.620405840805870       -1.45334256441799     
   2.17968750000000      -0.629615629889387       -1.45538118084092     
   2.18750000000000      -0.639002791739886       -1.45908291669588     
   2.19531250000000      -0.648874260939641       -1.46484017258187     
   2.20312500000000      -0.659842027678039       -1.47371345373208     
   2.21093750000000      -0.669606438130689       -1.49229449789731     
   2.21875000000000      -0.668418413993290       -1.50987206147877     
   2.22656250000000      -0.665188503745123       -1.52480366309866     
   2.23437500000000      -0.660723948087378       -1.53845657412906     
   2.24218750000000      -0.655368364750731       -1.55130522879829     
   2.25000000000000      -0.649341105816957       -1.56361473421847     
   2.25781250000000      -0.642810245500228       -1.57557754694998     
   2.26562500000000      -0.635920411247325       -1.58736441702088     
   2.27343750000000      -0.628807364002870       -1.59915292479675     
   2.28125000000000      -0.621608245834480       -1.61115159948161     
   2.28906250000000      -0.614471437745182       -1.62362941438311     
   2.29687500000000      -0.607569303347581       -1.63696266330585     
   2.30468750000000      -0.601119210978980       -1.65172507248245     
   2.31250000000000      -0.595426881832440       -1.66889828003887     
   2.32031250000000      -0.591006313516996       -1.69053496348123     
   2.32812500000000      -0.589295955249423       -1.72473438022105     
   2.33593750000000      -0.556497737971511       -1.76908477197504     
   2.34375000000000      -0.517600037003136       -1.79746776987914     
   2.35156250000000      -0.475683326160893       -1.81929285775228     
   2.35937500000000      -0.431076772572700       -1.83583872514377     
   2.36718750000000      -0.384029730850283       -1.84740255239961     
   2.37500000000000      -0.334802758865311       -1.85391390394545     
   2.38281250000000      -0.283707513001877       -1.85510991821961     
   2.39062500000000      -0.231135180432314       -1.85060542824781     
   2.39843750000000      -0.177583049104178       -1.83992716026060     
   2.40625000000000      -0.123683482152666       -1.82253184198998     
   2.41406250000000      -7.023944432992374E-002  -1.79781282773465     
   2.42187500000000      -1.827425986622232E-002  -1.76509035458740     
   2.42968750000000       3.088525683559934E-002  -1.72356499685868     
   2.43750000000000       7.543421156305079E-002  -1.67216687887519     
   2.44531250000000       0.112588977259912       -1.60901678695390     
   2.45312500000000       0.135852052482630       -1.52803808827397     
   2.46093750000000       0.106063767669544       -1.45458252859374     
   2.46875000000000       8.222947087426835E-002  -1.41608951003943     
   2.47656250000000       6.394358670470646E-002  -1.38613801622820     
   2.48437500000000       4.878268464359042E-002  -1.36095775398905     
   2.49218750000000       3.569150738042214E-002  -1.33892223259880     
   2.50000000000000       2.406981458502904E-002  -1.31912487290824     
   2.53125000000000      -1.421340918645911E-002  -1.25301767106254     
   2.56250000000000      -4.918356239093623E-002  -1.19565550837863     
   2.59375000000000      -0.112656648637843       -1.13636276905371     
   2.62500000000000      -0.183578371573336       -1.14516021323132     
   2.65625000000000      -0.227327965387614       -1.17546662903432     
   2.68750000000000      -0.251980831119050       -1.22338529319391     
   2.71875000000000      -0.251085547011505       -1.30025068037305     
   2.75000000000000      -0.147772891047688       -1.35816896440725     
   2.78125000000000      -6.196980643270893E-002  -1.33907082483736     
   2.81250000000000       5.232692994839722E-003  -1.29560366345885     
   2.84375000000000       5.406779088979666E-002  -1.23273497271352     
   2.87500000000000       6.735106519763544E-002  -1.14643575189741     
   2.90625000000000       4.643587461264063E-002  -1.10548519388987     
   2.93750000000000       3.779947598882666E-002  -1.07295180700992     
   2.96875000000000       2.995536832150764E-002  -1.04137265614032     
   3.00000000000000       1.846732380766451E-002  -1.00886891018166     
   3.03125000000000      -9.340288089642374E-003 -0.976032933265851     
   3.06250000000000      -3.663605959958039E-002 -0.971450449208769     
   3.09375000000000      -5.357775066866039E-002 -0.969366695326489     
   3.12500000000000      -6.636981072544623E-002 -0.967849041310204     
   3.15625000000000      -7.743899559847663E-002 -0.966065512651308     
   3.18750000000000      -9.034107628094602E-002 -0.961802081182074     
   3.21875000000000      -0.111369115224017      -0.969979306852424     
   3.25000000000000      -0.123836265175080      -0.985036985164909     
   3.28125000000000      -0.131607959689099       -1.00372948628220     
   3.31250000000000      -0.135202362682582       -1.02684579015732     
   3.34375000000000      -0.133225876416644       -1.05786778537764     
   3.37500000000000      -0.102988360544946       -1.09449315239180     
   3.40625000000000      -6.825454865382130E-002  -1.10535077800840     
   3.43750000000000      -3.703317897987692E-002  -1.10883682865757     
   3.46875000000000      -7.914819453708651E-003  -1.10759976564325     
   3.50000000000000       1.936056006487838E-002  -1.10266148512829     
   3.53125000000000       4.461181408393484E-002  -1.09445532986669     
   3.56250000000000       6.622117707337362E-002  -1.08493136343872     
   3.59375000000000       8.721871989685152E-002  -1.07538307760613     
   3.62500000000000       0.107587400473903       -1.06493636124885     
   3.65625000000000       0.127341221953435       -1.05373810676362     
   3.68750000000000       0.146731785192946       -1.04223776403596     
   3.71875000000000       0.167101226072022       -1.03203871686110     
   3.75000000000000       0.194910225297089       -1.01534093734296     
   3.78125000000000       0.217479227787528      -0.991191917270638     
   3.81250000000000       0.235800629139627      -0.963334506758255     
   3.84375000000000       0.249519819968893      -0.932194240638358     
   3.87500000000000       0.257488910992523      -0.897702823479443     
   3.90625000000000       0.256422139832368      -0.858790547176955     
   3.93750000000000       0.231629609106963      -0.829977357499691     
   3.96875000000000       0.216002683631890      -0.820367514010309     
   4.00000000000000       0.205803103675829      -0.813610320773751     
   4.03125000000000       0.198545522885261      -0.808503908277271     
   4.06250000000000       0.193277002673608      -0.804678897086990     
   4.09375000000000       0.189553253543513      -0.802125104792493     
   4.12500000000000       0.187496094867045      -0.801763861589534     
   4.15625000000000       0.189883072135445      -0.800516621750837     
   4.18750000000000       0.192578446509937      -0.798021561170221     
   4.21875000000000       0.195723291707254      -0.795141959117212     
   4.25000000000000       0.199279229404511      -0.792070437895674     
   4.28125000000000       0.203201954579220      -0.788913647818287     
   4.31250000000000       0.207444888645083      -0.785766563719273     
   4.34375000000000       0.211868012692377      -0.782850791368142     
   4.37500000000000       0.217199020896843      -0.780514172035546     
   4.40625000000000       0.223379518989297      -0.778151161790850     
   4.43750000000000       0.230366364091205      -0.775893102757107     
   4.46875000000000       0.238331344377980      -0.773891442908793     
   4.50000000000000       0.247668799150020      -0.772378680762053     
   4.53125000000000       0.259290800421988      -0.771807634439264     
   4.56250000000000       0.276544874382017      -0.773678421874685     
   4.59375000000000       0.306397742057802      -0.760949994156383     
   4.62500000000000       0.325464116009426      -0.739013729472043     
   4.65625000000000       0.339087148006158      -0.714603319852245     
   4.68750000000000       0.348199116855456      -0.688354557602075     
   4.71875000000000       0.352816404211183      -0.660534844710520     
   4.75000000000000       0.352320299638180      -0.631220029393015     
   4.78125000000000       0.344840112967354      -0.600190952332270     
   4.81250000000000       0.318443545329056      -0.570942686891930     
   4.84375000000000       0.295263620473735      -0.567938575576012     
   4.87500000000000       0.280867307513791      -0.567073374207885     
   4.90625000000000       0.270537692376706      -0.567182023405071     
   4.93750000000000       0.262932068485763      -0.567955024962669     
   4.96875000000000       0.257474103368847      -0.569277768136069     
   5.00000000000000       0.253960239582432      -0.571134423782962     
   5.03125000000000       0.252580966947149      -0.573621095590472     
   5.06250000000000       0.255820253094313      -0.576203765007192     
   5.09375000000000       0.259259273988522      -0.573370057485278     
   5.12500000000000       0.261383663219370      -0.570174976065439     
   5.15625000000000       0.263144818705544      -0.566910400113354     
   5.18750000000000       0.264817246772350      -0.563686787602681     
   5.21875000000000       0.266559882965300      -0.560590185666418     
   5.25000000000000       0.268527197514957      -0.557723364910503     
   5.28125000000000       0.270967890382314      -0.555261548037625     
   5.31250000000000       0.274644284510737      -0.553721284608368     
   5.34375000000000       0.282383817699666      -0.549504385205090     
   5.37500000000000       0.287966659106083      -0.542161526670617     
   5.40625000000000       0.292255969234181      -0.533936921277619     
   5.43750000000000       0.295479402658613      -0.525097468236732     
   5.46875000000000       0.297667505447381      -0.515776797583936     
   5.50000000000000       0.298753583564696      -0.506059909072754     
   5.53125000000000       0.298561207351406      -0.496002022092502     
   5.56250000000000       0.296674749426889      -0.485617705200106     
   5.59375000000000       0.291337767502744      -0.474690634629771     
   5.62500000000000       0.283284632890832      -0.471451701395864     
   5.65625000000000       0.279262382070374      -0.469480702201512     
   5.68750000000000       0.276679909427786      -0.467786604802341     
   5.71875000000000       0.275073277335152      -0.466292776237506     
   5.75000000000000       0.274276679838439      -0.464983111420799     
   5.78125000000000       0.274261790510230      -0.463872301477894     
   5.81250000000000       0.275122775498825      -0.463007491632057     
   5.84375000000000       0.277164760935966      -0.462498313079172     
   5.87500000000000       0.281455667169909      -0.462687092942487     
   5.90625000000000       0.291264880101759      -0.458077235152602     
   5.93750000000000       0.296749013644221      -0.448903464917927     
   5.96875000000000       0.300014842704399      -0.439027619271714     
   6.00000000000000       0.301655022239136      -0.428675851383789     
   6.03125000000000       0.301823780522965      -0.417938982914686     
   6.06250000000000       0.300495558721918      -0.406857668959193     
   6.09375000000000       0.297494835241466      -0.395438761812372     
   6.12500000000000       0.292424363824979      -0.383647638055102     
   6.15625000000000       0.284360808705146      -0.371357147817226     
   6.18750000000000       0.269448749715506      -0.357907845970627     
   6.21875000000000       0.248769880611924      -0.361202587068839     
   6.25000000000000       0.237437141197060      -0.367423298010750     
   6.28125000000000       0.229615727665158      -0.374262483377586     
   6.31250000000000       0.224242688000438      -0.381555544550666     
   6.34375000000000       0.220906494711550      -0.389257697116687     
   6.37500000000000       0.219469391245505      -0.397377560587224     
   6.40625000000000       0.219986657454341      -0.405967050855174     
   6.43750000000000       0.222742457851192      -0.415137067581186     
   6.46875000000000       0.228472883681993      -0.425122802269839     
   6.50000000000000       0.239663111144219      -0.436641368279431     
   6.53125000000000       0.262341684447594      -0.437049280271658     
   6.56250000000000       0.276166717290157      -0.429152196716981     
   6.59375000000000       0.286269292917503      -0.420150777469595     
   6.62500000000000       0.293984891349524      -0.410450793277566     
   6.65625000000000       0.299821333880782      -0.400228731803624     
   6.68750000000000       0.304002552382053      -0.389583422284682     
   6.71875000000000       0.306598441375333      -0.378575015469417     
   6.75000000000000       0.307551551019036      -0.367237296346490     
   6.78125000000000       0.306634439726996      -0.355576262788694     
   6.81250000000000       0.303240381609418      -0.343543475429644     
   6.84375000000000       0.294474475090866      -0.330755580429518     
   6.87500000000000       0.282810744958165      -0.329691947727152     
   6.90625000000000       0.276636813320234      -0.329745386908924     
   6.93750000000000       0.272358725854596      -0.330073997158353     
   6.96875000000000       0.269295590567715      -0.330576455887516     
   7.00000000000000       0.267154887651900      -0.331210870505921     
   7.03125000000000       0.265793016274174      -0.331957989004077     
   7.06250000000000       0.265148434072710      -0.332811058871064     
   7.09375000000000       0.265223631386567      -0.333773208196649     
   7.12500000000000       0.266097447739157      -0.334859533934373     
   7.15625000000000       0.267995767630810      -0.336108298573617     
   7.18750000000000       0.271702154204859      -0.337644801805768     
   7.21875000000000       0.278666067011077      -0.335325010600704     
   7.25000000000000       0.282578763989946      -0.330702807811103     
   7.28125000000000       0.285313162395798      -0.325892371763848     
   7.31250000000000       0.287312344320895      -0.320966675582662     
   7.34375000000000       0.288746980179812      -0.315955853750650     
   7.37500000000000       0.289696216955557      -0.310875705628191     
   7.40625000000000       0.290192669049270      -0.305735023202156     
   7.43750000000000       0.290236034529505      -0.300538084242104     
   7.46875000000000       0.289792454734137      -0.295285149597020     
   7.50000000000000       0.288777563314101      -0.289971086332900     
   7.53125000000000       0.286992325206078      -0.284579070298211     
   7.56250000000000       0.283681161502238      -0.279034851969899     
   7.59375000000000       0.278858232885605      -0.277008621265595     
   7.62500000000000       0.276125691146105      -0.275747073377948     
   7.65625000000000       0.274065014723307      -0.274556253862596     
   7.68750000000000       0.272403393545655      -0.273408886071002     
   7.71875000000000       0.271017153871891      -0.272293449917440     
   7.75000000000000       0.269833799890779      -0.271203867352223     
   7.78125000000000       0.268803407838084      -0.270136552748248     
   7.81250000000000       0.267886179231809      -0.269089192182445     
   7.84375000000000       0.267044547661866      -0.268060050945368     
   7.87500000000000       0.266234622456217      -0.267047323563409     
   7.90625000000000       0.265388909076888      -0.266047877914307     
   7.93750000000000       0.264348899179377      -0.265052032399779     
   7.96875000000000       0.262518420590133      -0.264776031968128     
   8.00000000000000       0.261677381065646      -0.265539605961809     
   8.03125000000000       0.261453277348418      -0.266351473131042     
   8.06250000000000       0.261666333428071      -0.267201822807762     
   8.09375000000000       0.262261117574087      -0.268090714187891     
   8.12500000000000       0.263221506411367      -0.269021427062313     
   8.15625000000000       0.264553789460105      -0.269999450575219     
   8.18750000000000       0.266283333878694      -0.271032630073875     
   8.21875000000000       0.268457641404938      -0.272132021253043     
   8.25000000000000       0.271156497227637      -0.273313771532210     
   8.28125000000000       0.274516596389308      -0.274603311720786     
   8.31250000000000       0.278799311399904      -0.276046550252229     
   8.34375000000000       0.284668330111021      -0.277754985311826     
   8.37500000000000       0.295180138463117      -0.277129836174361     
   8.40625000000000       0.302752101452302      -0.271299793758251     
   8.43750000000000       0.308315392644982      -0.265114583381348     
   8.46875000000000       0.312721599544828      -0.258722058344459     
   8.50000000000000       0.316261812850960      -0.252177525082321     
   8.53125000000000       0.319075273640300      -0.245510878422831     
   8.56250000000000       0.321233238145649      -0.238740810004760     
   8.59375000000000       0.322766500641287      -0.231879754992273     
   8.62500000000000       0.323674618963999      -0.224935913827818     
   8.65625000000000       0.323925408032253      -0.217913918404081     
   8.68750000000000       0.323444305250555      -0.210814421554693     
   8.71875000000000       0.322083536240460      -0.203631910292640     
   8.75000000000000       0.319526235702790      -0.196347029805350     
   8.78125000000000       0.314776331509640      -0.188883228524811     
   8.81250000000000       0.306301338830017      -0.186492015472097     
   8.84375000000000       0.301928417920317      -0.186814427811252     
   8.87500000000000       0.299118244370213      -0.187274429126842     
   8.90625000000000       0.297286005759899      -0.187820471503155     
   8.93750000000000       0.296201670481350      -0.188432841099085     
   8.96875000000000       0.295753487387703      -0.189102424268898     
   9.00000000000000       0.295887877713755      -0.189825359506464     
   9.03125000000000       0.296588459405384      -0.190601211911429     
   9.06250000000000       0.297869388771255      -0.191432450695921     
   9.09375000000000       0.299777120041178      -0.192324721510536     
   9.12500000000000       0.302401384716162      -0.193288032334416     
   9.15625000000000       0.305903817860702      -0.194339731592898     
   9.18750000000000       0.310596784967405      -0.195512610842850     
   9.21875000000000       0.317251381539327      -0.196886356267128     
   9.25000000000000       0.329705159709300      -0.195763646127836     
   9.28125000000000       0.338636695165996      -0.187398474858245     
   9.31250000000000       0.344775973645000      -0.178698684480884     
   9.34375000000000       0.349386668119647      -0.169812118690022     
   9.37500000000000       0.352881767583181      -0.160794199423814     
   9.40625000000000       0.355463659801307      -0.151676548884612     
   9.43750000000000       0.357246352097906      -0.142480668606603     
   9.46875000000000       0.358296480743883      -0.133222763549086     
   9.50000000000000       0.358650243817875      -0.123915919923810     
   9.53125000000000       0.358320428825574      -0.114571242002283     
   9.56250000000000       0.357297717503444      -0.105198497446882     
   9.59375000000000       0.355546525677450      -9.580647952933655E-002
   9.62500000000000       0.352991617991349      -8.640312192842960E-002
   9.65625000000000       0.349480255743713      -7.699513672878641E-002
   9.68750000000000       0.344640401253374      -6.758552638529891E-002
   9.71875000000000       0.336469537845826      -5.926818269139147E-002
   9.75000000000000       0.329796321579801      -5.536825737257445E-002
   9.78125000000000       0.324577097728269      -5.152797611363422E-002
   9.81250000000000       0.319947502879353      -4.771963522567776E-002
   9.84375000000000       0.315641832105897      -4.393431784327261E-002
   9.87500000000000       0.311525079988717      -4.016752870129540E-002
   9.90625000000000       0.307513154205742      -3.641662833057834E-002
   9.93750000000000       0.303546215748801      -3.267995693025470E-002
   9.96875000000000       0.299576757129052      -2.895644909417688E-002
   10.0000000000000       0.295562943089610      -2.524543979026618E-002
   11.0000000000000       0.268693584626918       0.000000000000000E+000
   12.0000000000000       0.246302452574675       0.000000000000000E+000
   13.0000000000000       0.227356110068931       0.000000000000000E+000
   14.0000000000000       0.211116387921150       0.000000000000000E+000
   15.0000000000000       0.197041962059740       0.000000000000000E+000
   16.0000000000000       0.184726839431006       0.000000000000000E+000
   17.0000000000000       0.173860554758594       0.000000000000000E+000
   18.0000000000000       0.164201635049783       0.000000000000000E+000
   19.0000000000000       0.155559443731374       0.000000000000000E+000
   20.0000000000000       0.147781471544805       0.000000000000000E+000
   21.0000000000000       0.140744258614100       0.000000000000000E+000
   22.0000000000000       0.134346792313459       0.000000000000000E+000
   23.0000000000000       0.128505627430265       0.000000000000000E+000
   24.0000000000000       0.123151226287338       0.000000000000000E+000
   25.0000000000000       0.118225177235844       0.000000000000000E+000
   26.0000000000000       0.113678055034465       0.000000000000000E+000
   27.0000000000000       0.109467756699856       0.000000000000000E+000
   28.0000000000000       0.105558193960575       0.000000000000000E+000
   29.0000000000000       0.101918256237797       0.000000000000000E+000
   30.0000000000000       9.852098102987000E-002  0.000000000000000E+000
   31.0000000000000       9.534288486761613E-002  0.000000000000000E+000
   32.0000000000000       9.236341971550313E-002  0.000000000000000E+000
   33.0000000000000       8.956452820897273E-002  0.000000000000000E+000
   34.0000000000000       8.693027737929707E-002  0.000000000000000E+000
   35.0000000000000       8.444655516846000E-002  0.000000000000000E+000
   36.0000000000000       8.210081752489168E-002  0.000000000000000E+000
   37.0000000000000       7.988187651070541E-002  0.000000000000000E+000
   38.0000000000000       7.777972186568685E-002  0.000000000000000E+000
   39.0000000000000       7.578537002297693E-002  0.000000000000000E+000
   40.0000000000000       7.389073577240250E-002  0.000000000000000E+000
   41.0000000000000       7.208852270478293E-002  0.000000000000000E+000
   42.0000000000000       7.037212930705000E-002  0.000000000000000E+000
   43.0000000000000       6.873556816037442E-002  0.000000000000000E+000
   44.0000000000000       6.717339615672956E-002  0.000000000000000E+000
   45.0000000000000       6.568065401991334E-002  0.000000000000000E+000
   46.0000000000000       6.425281371513261E-002  0.000000000000000E+000
   47.0000000000000       6.288573257225745E-002  0.000000000000000E+000
   48.0000000000000       6.157561314366875E-002  0.000000000000000E+000
   49.0000000000000       6.031896797747143E-002  0.000000000000000E+000
   50.0000000000000       5.911258861792201E-002  0.000000000000000E+000
   51.0000000000000       5.795351825286471E-002  0.000000000000000E+000
   52.0000000000000       5.683902751723269E-002  0.000000000000000E+000
   53.0000000000000       5.576659303577548E-002  0.000000000000000E+000
   54.0000000000000       5.473387834992778E-002  0.000000000000000E+000
   55.0000000000000       5.373871692538364E-002  0.000000000000000E+000
   56.0000000000000       5.277909698028750E-002  0.000000000000000E+000
   57.0000000000000       5.185314791045790E-002  0.000000000000000E+000
   58.0000000000000       5.095912811889828E-002  0.000000000000000E+000
   59.0000000000000       5.009541408298475E-002  0.000000000000000E+000
   60.0000000000000       4.926049051493500E-002  0.000000000000000E+000
   61.0000000000000       4.845294149010000E-002  0.000000000000000E+000
   62.0000000000000       4.767144243380807E-002  0.000000000000000E+000
   63.0000000000000       4.691475287136667E-002  0.000000000000000E+000
   64.0000000000000       4.618170985775157E-002  0.000000000000000E+000
   65.0000000000000       4.547122201378616E-002  0.000000000000000E+000
   66.0000000000000       4.478226410448637E-002  0.000000000000000E+000
   67.0000000000000       4.411387210292687E-002  0.000000000000000E+000
   68.0000000000000       4.346513868964853E-002  0.000000000000000E+000
   69.0000000000000       4.283520914342174E-002  0.000000000000000E+000
   70.0000000000000       4.222327758423000E-002  0.000000000000000E+000
   71.0000000000000       4.162858353374789E-002  0.000000000000000E+000
   72.0000000000000       4.105040876244584E-002  0.000000000000000E+000
   73.0000000000000       4.048807439583699E-002  0.000000000000000E+000
   74.0000000000000       3.994093825535271E-002  0.000000000000000E+000
   75.0000000000000       3.940839241194800E-002  0.000000000000000E+000
   76.0000000000000       3.888986093284343E-002  0.000000000000000E+000
   77.0000000000000       3.838479780384545E-002  0.000000000000000E+000
   78.0000000000000       3.789268501148847E-002  0.000000000000000E+000
   79.0000000000000       3.741303077083671E-002  0.000000000000000E+000
   80.0000000000000       3.694536788620125E-002  0.000000000000000E+000
   81.0000000000000       3.648925223328519E-002  0.000000000000000E+000
   82.0000000000000       3.604426135239146E-002  0.000000000000000E+000
   83.0000000000000       3.560999314332651E-002  0.000000000000000E+000
   84.0000000000000       3.518606465352500E-002  0.000000000000000E+000
   85.0000000000000       3.477211095171882E-002  0.000000000000000E+000
   86.0000000000000       3.436778408018721E-002  0.000000000000000E+000
   87.0000000000000       3.397275207926552E-002  0.000000000000000E+000
   88.0000000000000       3.358669807836478E-002  0.000000000000000E+000
   89.0000000000000       3.320931944827079E-002  0.000000000000000E+000
   90.0000000000000       3.284032700995667E-002  0.000000000000000E+000
   91.0000000000000       3.247944429556154E-002  0.000000000000000E+000
   92.0000000000000       3.212640685756631E-002  0.000000000000000E+000
   93.0000000000000       3.178096162253871E-002  0.000000000000000E+000
   94.0000000000000       3.144286628612872E-002  0.000000000000000E+000
   95.0000000000000       3.111188874627474E-002  0.000000000000000E+000
   96.0000000000000       3.078780657183438E-002  0.000000000000000E+000
   97.0000000000000       3.047040650408351E-002  0.000000000000000E+000
   98.0000000000000       3.015948398873572E-002  0.000000000000000E+000
   99.0000000000000       2.985484273632424E-002  0.000000000000000E+000
   100.000000000000       2.955629430896100E-002  0.000000000000000E+000
   101.000000000000       2.926365773164456E-002  0.000000000000000E+000
   102.000000000000       2.897675912643236E-002  0.000000000000000E+000
   103.000000000000       2.869543136792330E-002  0.000000000000000E+000
   104.000000000000       2.841951375861635E-002  0.000000000000000E+000
   105.000000000000       2.814885172282000E-002  0.000000000000000E+000
   106.000000000000       2.788329651788774E-002  0.000000000000000E+000
   107.000000000000       2.762270496164580E-002  0.000000000000000E+000
   108.000000000000       2.736693917496389E-002  0.000000000000000E+000
   109.000000000000       2.711586633849633E-002  0.000000000000000E+000
   110.000000000000       2.686935846269182E-002  0.000000000000000E+000
   111.000000000000       2.662729217023514E-002  0.000000000000000E+000
   112.000000000000       2.638954849014375E-002  0.000000000000000E+000
   113.000000000000       2.615601266279735E-002  0.000000000000000E+000
   114.000000000000       2.592657395522895E-002  0.000000000000000E+000
   115.000000000000       2.570112548605305E-002  0.000000000000000E+000
   116.000000000000       2.547956405944914E-002  0.000000000000000E+000
   117.000000000000       2.526179000765898E-002  0.000000000000000E+000
   118.000000000000       2.504770704149237E-002  0.000000000000000E+000
   119.000000000000       2.483722210837059E-002  0.000000000000000E+000
   120.000000000000       2.463024525746750E-002  0.000000000000000E+000
   121.000000000000       2.442668951153802E-002  0.000000000000000E+000
   122.000000000000       2.422647074505000E-002  0.000000000000000E+000
   123.000000000000       2.402950756826098E-002  0.000000000000000E+000
   124.000000000000       2.383572121690403E-002  0.000000000000000E+000
   125.000000000000       2.364503544716880E-002  0.000000000000000E+000
   126.000000000000       2.345737643568334E-002  0.000000000000000E+000
   127.000000000000       2.327267268422126E-002  0.000000000000000E+000
   128.000000000000       2.309085492887578E-002  0.000000000000000E+000
   129.000000000000       2.291185605345814E-002  0.000000000000000E+000
   130.000000000000       2.273561100689308E-002  0.000000000000000E+000
   131.000000000000       2.256205672439771E-002  0.000000000000000E+000
   132.000000000000       2.239113205224318E-002  0.000000000000000E+000
   133.000000000000       2.222277767591053E-002  0.000000000000000E+000
   134.000000000000       2.205693605146343E-002  0.000000000000000E+000
   135.000000000000       2.189355133997111E-002  0.000000000000000E+000
   136.000000000000       2.173256934482427E-002  0.000000000000000E+000
   137.000000000000       2.157393745179635E-002  0.000000000000000E+000
   138.000000000000       2.141760457171087E-002  0.000000000000000E+000
   139.000000000000       2.126352108558345E-002  0.000000000000000E+000
   140.000000000000       2.111163879211500E-002  0.000000000000000E+000
   141.000000000000       2.096191085741915E-002  0.000000000000000E+000
   142.000000000000       2.081429176687394E-002  0.000000000000000E+000
   143.000000000000       2.066873727899371E-002  0.000000000000000E+000
   144.000000000000       2.052520438122292E-002  0.000000000000000E+000
   145.000000000000       2.038365124755931E-002  0.000000000000000E+000
   146.000000000000       2.024403719791849E-002  0.000000000000000E+000
   147.000000000000       2.010632265915714E-002  0.000000000000000E+000
   148.000000000000       1.997046912767635E-002  0.000000000000000E+000
   149.000000000000       1.983643913353087E-002  0.000000000000000E+000
   150.000000000000       1.970419620597400E-002  0.000000000000000E+000
   151.000000000000       1.957370484037152E-002  0.000000000000000E+000
   152.000000000000       1.944493046642171E-002  0.000000000000000E+000
   153.000000000000       1.931783941762157E-002  0.000000000000000E+000
   154.000000000000       1.919239890192273E-002  0.000000000000000E+000
   155.000000000000       1.906857697352323E-002  0.000000000000000E+000
   156.000000000000       1.894634250574423E-002  0.000000000000000E+000
   157.000000000000       1.882566516494331E-002  0.000000000000000E+000
   158.000000000000       1.870651538541836E-002  0.000000000000000E+000
   159.000000000000       1.858886434525849E-002  0.000000000000000E+000
   160.000000000000       1.847268394310063E-002  0.000000000000000E+000
   161.000000000000       1.835794677575217E-002  0.000000000000000E+000
   162.000000000000       1.824462611664259E-002  0.000000000000000E+000
   163.000000000000       1.813269589506810E-002  0.000000000000000E+000
   164.000000000000       1.802213067619573E-002  0.000000000000000E+000
   165.000000000000       1.791290564179455E-002  0.000000000000000E+000
   166.000000000000       1.780499657166325E-002  0.000000000000000E+000
   167.000000000000       1.769837982572515E-002  0.000000000000000E+000
   168.000000000000       1.759303232676250E-002  0.000000000000000E+000
   169.000000000000       1.748893154376391E-002  0.000000000000000E+000
   170.000000000000       1.738605547585941E-002  0.000000000000000E+000
   171.000000000000       1.728438263681930E-002  0.000000000000000E+000
   172.000000000000       1.718389204009360E-002  0.000000000000000E+000
   173.000000000000       1.708456318437052E-002  0.000000000000000E+000
   174.000000000000       1.698637603963276E-002  0.000000000000000E+000
   175.000000000000       1.688931103369200E-002  0.000000000000000E+000
   176.000000000000       1.679334903918239E-002  0.000000000000000E+000
   177.000000000000       1.669847136099492E-002  0.000000000000000E+000
   178.000000000000       1.660465972413539E-002  0.000000000000000E+000
   179.000000000000       1.651189626198939E-002  0.000000000000000E+000
   180.000000000000       1.642016350497833E-002  0.000000000000000E+000
   181.000000000000       1.632944436959171E-002  0.000000000000000E+000
   182.000000000000       1.623972214778077E-002  0.000000000000000E+000
   183.000000000000       1.615098049670000E-002  0.000000000000000E+000
   184.000000000000       1.606320342878315E-002  0.000000000000000E+000
   185.000000000000       1.597637530214108E-002  0.000000000000000E+000
   186.000000000000       1.589048081126936E-002  0.000000000000000E+000
   187.000000000000       1.580550497805401E-002  0.000000000000000E+000
   188.000000000000       1.572143314306436E-002  0.000000000000000E+000
   189.000000000000       1.563825095712222E-002  0.000000000000000E+000
   190.000000000000       1.555594437313737E-002  0.000000000000000E+000
   191.000000000000       1.547449963819948E-002  0.000000000000000E+000
   192.000000000000       1.539390328591719E-002  0.000000000000000E+000
   193.000000000000       1.531414212899534E-002  0.000000000000000E+000
   194.000000000000       1.523520325204175E-002  0.000000000000000E+000
   195.000000000000       1.515707400459539E-002  0.000000000000000E+000
   196.000000000000       1.507974199436786E-002  0.000000000000000E+000
   197.000000000000       1.500319508069086E-002  0.000000000000000E+000
   198.000000000000       1.492742136816212E-002  0.000000000000000E+000
   199.000000000000       1.485240920048292E-002  0.000000000000000E+000
   200.000000000000       1.477814715448050E-002  0.000000000000000E+000
   201.000000000000       1.470462403430896E-002  0.000000000000000E+000
   202.000000000000       1.463182886582228E-002  0.000000000000000E+000
   203.000000000000       1.455975089111379E-002  0.000000000000000E+000
   204.000000000000       1.448837956321618E-002  0.000000000000000E+000
   205.000000000000       1.441770454095659E-002  0.000000000000000E+000
   206.000000000000       1.434771568396165E-002  0.000000000000000E+000
   207.000000000000       1.427840304780725E-002  0.000000000000000E+000
   208.000000000000       1.420975687930817E-002  0.000000000000000E+000
   209.000000000000       1.414176761194306E-002  0.000000000000000E+000
   210.000000000000       1.407442586141000E-002  0.000000000000000E+000
   211.000000000000       1.400772242130853E-002  0.000000000000000E+000
   212.000000000000       1.394164825894387E-002  0.000000000000000E+000
   213.000000000000       1.387619451124930E-002  0.000000000000000E+000
   214.000000000000       1.381135248082290E-002  0.000000000000000E+000
   215.000000000000       1.374711363207488E-002  0.000000000000000E+000
   216.000000000000       1.368346958748195E-002  0.000000000000000E+000
   217.000000000000       1.362041212394516E-002  0.000000000000000E+000
   218.000000000000       1.355793316924817E-002  0.000000000000000E+000
   219.000000000000       1.349602479861233E-002  0.000000000000000E+000
   220.000000000000       1.343467923134591E-002  0.000000000000000E+000
   221.000000000000       1.337388882758416E-002  0.000000000000000E+000
   222.000000000000       1.331364608511757E-002  0.000000000000000E+000
   223.000000000000       1.325394363630538E-002  0.000000000000000E+000
   224.000000000000       1.319477424507188E-002  0.000000000000000E+000
   225.000000000000       1.313613080398267E-002  0.000000000000000E+000
   226.000000000000       1.307800633139867E-002  0.000000000000000E+000
   227.000000000000       1.302039396870529E-002  0.000000000000000E+000
   228.000000000000       1.296328697761447E-002  0.000000000000000E+000
   229.000000000000       1.290667873753755E-002  0.000000000000000E+000
   230.000000000000       1.285056274302652E-002  0.000000000000000E+000
   231.000000000000       1.279493260128182E-002  0.000000000000000E+000
   232.000000000000       1.273978202972457E-002  0.000000000000000E+000
   233.000000000000       1.268510485363133E-002  0.000000000000000E+000
   234.000000000000       1.263089500382949E-002  0.000000000000000E+000
   235.000000000000       1.257714651445149E-002  0.000000000000000E+000
   236.000000000000       1.252385352074619E-002  0.000000000000000E+000
   237.000000000000       1.247101025694557E-002  0.000000000000000E+000
   238.000000000000       1.241861105418529E-002  0.000000000000000E+000
   239.000000000000       1.236665033847741E-002  0.000000000000000E+000
   240.000000000000       1.231512262873375E-002  0.000000000000000E+000
   241.000000000000       1.226402253483859E-002  0.000000000000000E+000
   242.000000000000       1.221334475576901E-002  0.000000000000000E+000
   243.000000000000       1.216308407776173E-002  0.000000000000000E+000
   244.000000000000       1.211323537252500E-002  0.000000000000000E+000
   245.000000000000       1.206379359549429E-002  0.000000000000000E+000
   246.000000000000       1.201475378413049E-002  0.000000000000000E+000
   247.000000000000       1.196611105625951E-002  0.000000000000000E+000
   248.000000000000       1.191786060845202E-002  0.000000000000000E+000
   249.000000000000       1.186999771444217E-002  0.000000000000000E+000
   250.000000000000       1.182251772358440E-002  0.000000000000000E+000
   251.000000000000       1.177541605934701E-002  0.000000000000000E+000
   252.000000000000       1.172868821784167E-002  0.000000000000000E+000
   253.000000000000       1.168232976638775E-002  0.000000000000000E+000
   254.000000000000       1.163633634211063E-002  0.000000000000000E+000
   255.000000000000       1.159070365057294E-002  0.000000000000000E+000
   256.000000000000       1.154542746443789E-002  0.000000000000000E+000
   257.000000000000       1.150050362216381E-002  0.000000000000000E+000
   258.000000000000       1.145592802672907E-002  0.000000000000000E+000
   259.000000000000       1.141169664438649E-002  0.000000000000000E+000
   260.000000000000       1.136780550344654E-002  0.000000000000000E+000
   261.000000000000       1.132425069308851E-002  0.000000000000000E+000
   262.000000000000       1.128102836219886E-002  0.000000000000000E+000
   263.000000000000       1.123813471823612E-002  0.000000000000000E+000
   264.000000000000       1.119556602612159E-002  0.000000000000000E+000
   265.000000000000       1.115331860715510E-002  0.000000000000000E+000
   266.000000000000       1.111138883795526E-002  0.000000000000000E+000
   267.000000000000       1.106977314942360E-002  0.000000000000000E+000
   268.000000000000       1.102846802573172E-002  0.000000000000000E+000
   269.000000000000       1.098747000333123E-002  0.000000000000000E+000
   270.000000000000       1.094677566998556E-002  0.000000000000000E+000
   271.000000000000       1.090638166382325E-002  0.000000000000000E+000
   272.000000000000       1.086628467241213E-002  0.000000000000000E+000
   273.000000000000       1.082648143185385E-002  0.000000000000000E+000
   274.000000000000       1.078696872589818E-002  0.000000000000000E+000
   275.000000000000       1.074774338507673E-002  0.000000000000000E+000
   276.000000000000       1.070880228585543E-002  0.000000000000000E+000
   277.000000000000       1.067014234980542E-002  0.000000000000000E+000
   278.000000000000       1.063176054279173E-002  0.000000000000000E+000
   279.000000000000       1.059365387417957E-002  0.000000000000000E+000
   280.000000000000       1.055581939605750E-002  0.000000000000000E+000
   281.000000000000       1.051825420247723E-002  0.000000000000000E+000
   282.000000000000       1.048095542870957E-002  0.000000000000000E+000
   283.000000000000       1.044392025051626E-002  0.000000000000000E+000
   284.000000000000       1.040714588343697E-002  0.000000000000000E+000
   285.000000000000       1.037062958209158E-002  0.000000000000000E+000
   286.000000000000       1.033436863949685E-002  0.000000000000000E+000
   287.000000000000       1.029836038639756E-002  0.000000000000000E+000
   288.000000000000       1.026260219061146E-002  0.000000000000000E+000
   289.000000000000       1.022709145638789E-002  0.000000000000000E+000
   290.000000000000       1.019182562377966E-002  0.000000000000000E+000
   291.000000000000       1.015680216802784E-002  0.000000000000000E+000
   292.000000000000       1.012201859895925E-002  0.000000000000000E+000
   293.000000000000       1.008747246039625E-002  0.000000000000000E+000
   294.000000000000       1.005316132957857E-002  0.000000000000000E+000
   295.000000000000       1.001908281659695E-002  0.000000000000000E+000
   296.000000000000       9.985234563838177E-003  0.000000000000000E+000
   297.000000000000       9.951614245441415E-003  0.000000000000000E+000
   298.000000000000       9.918219566765437E-003  0.000000000000000E+000
   299.000000000000       9.885048263866556E-003  0.000000000000000E+000
   300.000000000000       9.852098102987001E-003  0.000000000000000E+000
   301.000000000000       9.819366880053490E-003  0.000000000000000E+000
   302.000000000000       9.786852420185762E-003  0.000000000000000E+000
   303.000000000000       9.754552577214852E-003  0.000000000000000E+000
   304.000000000000       9.722465233210856E-003  0.000000000000000E+000
   305.000000000000       9.690588298020001E-003  0.000000000000000E+000
   306.000000000000       9.658919708810785E-003  0.000000000000000E+000
   307.000000000000       9.627457429628991E-003  0.000000000000000E+000
   308.000000000000       9.596199450961363E-003  0.000000000000000E+000
   309.000000000000       9.565143789307768E-003  0.000000000000000E+000
   310.000000000000       9.534288486761614E-003  0.000000000000000E+000
